0 758 1581
1 889 1995
2 733 1598
3 655 1729
4 228 1465
5 494 1845
6 251 1049
7 941 1909
8 825 1891
9 827 1306
10 100 1545
11 110 1757
12 366 1158
13 154 1292
14 45 1325
15 453 1795
16 389 1410
17 745 1632
18 233 1162
19 416 1719
20 974 1390
21 462 1724
22 380 1073
23 186 1015
24 671 1771
25 521 1592
26 826 1015
27 253 1236
28 867 1759
29 423 1897
30 471 1751
31 125 1491
32 697 1399
33 338 1025
34 412 1833
35 909 1001
36 130 1923
37 312 1688
38 403 1415
39 186 1078
40 952 1077
41 763 1326
42 887 1426
43 396 1659
44 94 1065
45 163 1869
46 562 1096
47 231 1739
48 865 1126
49 153 1571
50 807 1329
51 957 1629
52 976 1636
53 496 1045
54 173 1197
55 388 1199
56 88 1980
57 148 1317
58 449 1535
59 567 1628
60 691 1426
61 122 1480
62 701 1188
63 430 1992
64 812 1969
65 610 1354
66 677 1037
67 902 1098
68 449 1314
69 258 1779
70 222 1574
71 828 1597
72 822 1336
73 300 1478
74 377 1555
75 812 1419
76 162 1694
77 577 1132
78 921 1997
79 282 1306
80 791 1904
81 377 1421
82 162 1589
83 696 1510
84 383 1668
85 270 1733
86 668 1280
87 473 1400
88 300 1381
89 701 1097
90 522 1642
91 991 1459
92 846 1509
93 128 1425
94 532 1221
95 562 1307
96 502 1568
97 309 1574
98 255 1441
99 978 1558
100 687 1853
101 377 1482
102 365 1555
103 729 1468
104 314 1102
105 476 1380
106 286 1536
107 704 1361
108 484 1204
109 675 1683
110 349 1928
111 526 1879
112 465 1125
113 521 1632
114 745 1061
115 816 1631
116 977 1472
117 188 1974
118 743 1635
119 260 1214
120 259 1086
121 990 1563
122 663 1495
123 581 1641
124 241 1592
125 285 1094
126 774 1066
127 392 1276
128 659 1885
129 649 1440
130 326 1245
131 363 1580
132 208 1370
133 210 1509
134 150 1548
135 350 1514
136 661 1601
137 502 1018
138 984 1533
139 216 1976
140 627 1229
141 451 1630
142 777 1872
143 226 1635
144 755 1074
145 482 1587
146 207 1774
147 760 1873
148 824 1407
149 244 1947
150 720 1731
151 839 1578
152 368 1485
153 713 1493
154 651 1501
155 454 1513
156 240 1358
157 476 1583
158 880 1956
159 350 1122
160 389 1952
161 528 1555
162 734 1562
163 357 1107
164 472 1666
165 641 1556
166 829 1754
167 787 1100
168 292 1276
169 827 1215
170 339 1995
171 343 1273
172 518 1552
173 264 1949
174 854 1732
175 486 1724
176 947 1477
177 958 1301
178 812 1462
179 304 1144
180 592 1866
181 393 1570
182 938 1747
183 647 1954
184 245 1934
185 719 1606
186 656 1533
187 662 1852
188 681 1427
189 256 1009
190 274 1199
191 807 1109
192 974 1776
193 918 1191
194 891 1775
195 779 1004
196 762 1305
197 503 1915
198 800 1467
199 984 1540
200 722 1712
201 341 1063
202 362 1982
203 562 1914
204 320 1615
205 728 1114
206 762 1227
207 486 1889
208 222 1723
209 448 1304
210 298 1752
211 476 1292
212 714 1386
213 245 1973
214 775 1957
215 226 1364
216 953 1693
217 232 1650
218 380 1314
219 301 1069
220 455 1038
221 540 1813
222 663 1332
223 470 1325
224 404 1331
225 400 1358
226 744 1535
227 721 1389
228 485 1289
229 573 1012
230 790 1932
231 400 1941
232 554 1104
233 890 1763
234 814 1221
235 988 1995
236 583 1645
237 386 1464
238 888 1132
239 582 1797
240 674 1811
241 577 1570
242 486 1975
243 869 1169
244 947 1697
245 456 1051
246 523 1350
247 365 1684
248 648 1623
249 864 1221
250 842 1795
251 713 1960
252 862 1663
253 296 1053
254 692 1088
255 287 1467
256 320 1168
257 553 1971
258 325 1140
259 373 1942
260 444 1758
261 699 1351
262 770 1798
263 891 1411
264 317 1427
265 654 1861
266 285 1712
267 981 1582
268 729 1761
269 447 1170
270 315 1828
271 770 1701
272 385 1709
273 987 1548
274 345 1154
275 898 1856
276 562 1661
277 400 1908
278 771 1512
279 981 1832
280 586 1554
281 568 1591
282 918 1311
283 996 1739
284 889 1831
285 303 1537
286 355 1253
287 906 1598
288 790 1047
289 882 1480
290 773 1917
291 957 1865
292 963 1858
293 768 1486
294 298 1840
295 616 1591
296 871 1592
297 978 1495
298 466 1286
299 888 1066
300 632 1587
301 480 1590
302 676 1221
303 680 1882
304 738 1185
305 315 1404
306 862 1401
307 515 1583
308 989 1776
309 543 1305
310 892 1385
311 865 1042
312 550 1264
313 432 1288
314 684 1336
315 966 1776
316 389 1204
317 554 1679
318 359 1665
319 959 1558
320 807 1928
321 883 1220
322 739 1698
323 972 1813
324 327 1308
325 437 1448
326 912 1305
327 663 1655
328 469 1359
329 486 1767
330 845 1601
331 621 1367
332 952 1460
333 577 1654
334 370 1470
335 463 1509
336 829 1968
337 788 1043
338 975 1236
339 429 1895
340 963 1489
341 537 1744
342 705 1635
343 661 1617
344 719 1600
345 999 1016
346 825 1173
347 503 1949
348 878 1519
349 585 1680
350 380 1886
351 469 1683
352 745 1052
353 827 1127
354 622 1523
355 491 1514
356 981 1124
357 825 1421
358 828 1251
359 944 1236
360 836 1512
361 745 1607
362 484 1049
363 954 1454
364 762 1634
365 993 1545
366 430 1479
367 460 1405
368 804 1592
369 780 1386
370 851 1691
371 863 1425
372 629 1728
373 520 1011
374 685 1437
375 480 1901
376 716 1578
377 494 1912
378 860 1143
379 428 1924
380 568 1009
381 579 1725
382 455 1491
383 920 1381
384 487 1889
385 515 1305
386 805 1568
387 870 1000
388 477 1122
389 781 1902
390 663 1973
391 832 1311
392 866 1931
393 572 1646
394 665 1284
395 796 1477
396 882 1407
397 937 1063
398 490 1280
399 742 1785
400 906 1147
401 443 1984
402 892 1566
403 914 1580
404 911 1101
405 885 1729
406 419 1423
407 603 1030
408 907 1502
409 437 1286
410 605 1212
411 457 1148
412 922 1512
413 548 1092
414 731 1504
415 522 1325
416 844 1105
417 602 1266
418 731 1730
419 802 1104
420 977 1702
421 733 1361
422 826 1463
423 481 1478
424 525 1944
425 702 1660
426 535 1019
427 845 1766
428 867 1386
429 621 1080
430 760 1401
431 670 1555
432 450 1463
433 819 1068
434 610 1190
435 495 1088
436 842 1248
437 863 1130
438 470 1537
439 911 1668
440 579 1068
441 779 1468
442 787 1190
443 570 1597
444 877 1318
445 990 1719
446 510 1334
447 513 1257
448 580 1683
449 961 1731
450 845 1431
451 898 1752
452 611 1176
453 584 1712
454 713 1074
455 953 1435
456 770 1055
457 752 1921
458 688 1727
459 685 1135
460 719 1138
461 948 1725
462 642 1314
463 628 1218
464 945 1814
465 658 1160
466 958 1609
467 566 1213
468 942 1514
469 572 1734
470 963 1508
471 766 1528
472 578 1365
473 673 1961
474 896 1587
475 640 1544
476 511 1562
477 899 1245
478 614 1915
479 821 1547
480 708 1007
481 504 1226
482 885 1625
483 738 1697
484 961 1729
485 967 1849
486 906 1388
487 820 1781
488 539 1289
489 658 1054
490 971 1902
491 784 1706
492 646 1993
493 959 1420
494 519 1740
495 512 1703
496 980 1743
497 520 1123
498 735 1825
499 726 1475
500 759 1177
501 797 1589
502 778 1174
503 765 1096
504 872 1503
505 582 1108
506 542 1045
507 902 1179
508 730 1780
509 572 1454
510 572 1528
511 757 1634
512 521 1221
513 774 1529
514 874 1182
515 741 1988
516 614 1271
517 642 1758
518 857 1118
519 880 1908
520 953 1092
521 547 1321
522 577 1946
523 702 1742
524 630 1454
525 865 1134
526 563 1805
527 579 1336
528 908 1234
529 990 1006
530 812 1509
531 572 1986
532 599 1303
533 921 1536
534 564 1545
535 919 1518
536 625 1740
537 699 1487
538 744 1907
539 703 1560
540 707 1540
541 788 1330
542 756 1118
543 571 1054
544 970 1373
545 908 1030
546 861 1960
547 872 1520
548 971 1932
549 752 1062
550 906 1801
551 638 1392
552 674 1394
553 868 1956
554 907 1602
555 664 1291
556 599 1586
557 735 1004
558 679 1343
559 715 1606
560 589 1664
561 660 1975
562 830 1413
563 718 1458
564 853 1034
565 841 1917
566 908 1187
567 818 1200
568 673 1339
569 592 1689
570 576 1877
571 862 1053
572 626 1171
573 696 1785
574 850 1580
575 947 1655
576 925 1767
577 874 1003
578 949 1830
579 592 1629
580 743 1919
581 949 1657
582 965 1164
583 692 1002
584 986 1442
585 884 1565
586 714 1606
587 888 1793
588 704 1195
589 877 1701
590 829 1113
591 801 1610
592 958 1199
593 833 1927
594 642 1505
595 865 1252
596 842 1732
597 909 1318
598 974 1166
599 776 1576
600 820 1459
601 836 1539
602 841 1771
603 873 1108
604 819 1567
605 663 1892
606 727 1906
607 864 1557
608 905 1468
609 887 1143
610 914 1104
611 882 1819
612 692 1704
613 791 1495
614 656 1351
615 750 1912
616 716 1980
617 948 1694
618 704 1062
619 883 1009
620 680 1395
621 970 1177
622 933 1571
623 751 1931
624 794 1169
625 870 1951
626 859 1313
627 920 1558
628 836 1036
629 748 1745
630 640 1369
631 635 1125
632 895 1903
633 680 1107
634 664 1997
635 697 1172
636 749 1986
637 702 1673
638 674 1056
639 906 1376
640 942 1178
641 772 1010
642 921 1799
643 706 1290
644 878 1007
645 796 1336
646 774 1058
647 721 1892
648 741 1264
649 868 1702
650 830 1563
651 796 1393
652 696 1016
653 771 1320
654 968 1677
655 799 1376
656 850 1748
657 851 1054
658 913 1477
659 862 1682
660 958 1178
661 983 1600
662 972 1044
663 748 1015
664 981 1412
665 748 1403
666 947 1131
667 953 1693
668 929 1434
669 957 1570
670 827 1166
671 999 1880
672 673 1923
673 856 1453
674 889 1937
675 869 1378
676 802 1692
677 973 1061
678 694 1045
679 998 1396
680 982 1414
681 835 1149
682 744 1331
683 881 1443
684 970 1236
685 788 1466
686 851 1135
687 946 1515
688 842 1042
689 959 1212
690 788 1326
691 828 1343
692 870 1279
693 801 1682
694 833 1120
695 798 1950
696 806 1059
697 895 1153
698 779 1518
699 938 1863
700 986 1049
701 759 1757
702 755 1596
703 775 1926
704 725 1158
705 820 1758
706 792 1231
707 936 1964
708 915 1335
709 889 1836
710 843 1392
711 762 1874
712 837 1254
713 978 1851
714 726 1928
715 865 1061
716 822 1870
717 792 1231
718 721 1673
719 845 1699
720 899 1650
721 731 1864
722 793 1898
723 896 1485
724 829 1665
725 867 1631
726 729 1971
727 843 1691
728 793 1964
729 962 1023
730 934 1132
731 771 1738
732 735 1790
733 841 1436
734 956 1074
735 754 1232
736 890 1866
737 832 1367
738 862 1914
739 940 1086
740 795 1705
741 941 1719
742 961 1372
743 900 1333
744 846 1489
745 889 1440
746 765 1456
747 849 1025
748 825 1526
749 792 1792
750 920 1459
751 965 1777
752 889 1332
753 783 1845
754 857 1995
755 919 1700
756 877 1810
757 789 1463
758 783 1750
759 994 1668
760 919 1096
761 996 1684
762 880 1951
763 958 1806
764 964 1753
765 979 1566
766 775 1809
767 907 1664
768 836 1850
769 867 1086
770 859 1593
771 782 1826
772 804 1040
773 932 1589
774 848 1751
775 911 1877
776 946 1421
777 927 1893
778 814 1557
779 937 1062
780 820 1724
781 955 1299
782 859 1558
783 927 1883
784 936 1232
785 994 1288
786 969 1784
787 868 1268
788 990 1472
789 878 1779
790 830 1034
791 980 1627
792 895 1389
793 934 1688
794 860 1230
795 904 1988
796 915 1450
797 920 1739
798 941 1511
799 948 1365
800 858 1051
801 966 1389
802 961 1908
803 928 1094
804 961 1710
805 900 1870
806 894 1435
807 933 1746
808 903 1252
809 925 1616
810 823 1734
811 856 1956
812 835 1520
813 882 1634
814 843 1873
815 873 1034
816 961 1182
817 853 1850
818 936 1265
819 953 1349
820 864 1109
821 871 1585
822 887 1030
823 920 1231
824 947 1149
825 1000 1123
826 871 1513
827 850 1083
828 878 1129
829 973 1388
830 896 1278
831 906 1863
832 909 1262
833 929 1155
834 986 1915
835 995 1044
836 885 1370
837 850 1458
838 918 1126
839 997 1324
840 900 1269
841 843 1451
842 988 1467
843 927 1099
844 896 1098
845 953 1348
846 937 1075
847 926 1687
848 956 1398
849 927 1036
850 870 1702
851 855 1904
852 924 1784
853 988 1867
854 963 1697
855 874 1767
856 911 1047
857 921 1365
858 888 1976
859 918 1482
860 941 1639
861 950 1183
862 903 1901
863 907 1086
864 987 1331
865 971 1680
866 981 1214
867 982 1683
868 927 1092
869 893 1745
870 968 1962
871 926 1412
872 906 1728
873 995 1989
874 947 1068
875 987 1995
876 980 1794
877 934 1855
878 950 1196
879 894 1595
880 884 1112
881 933 1672
882 886 1858
883 916 1063
884 982 1875
885 953 1045
886 956 1276
887 972 1123
888 978 1745
889 975 1222
890 982 1750
891 990 1583
892 947 1161
893 922 1769
894 896 1371
895 959 1777
896 960 1804
897 981 1671
898 921 1842
899 938 1025
900 917 1958
901 936 1470
902 982 1403
903 951 1734
904 989 1443
905 975 1371
906 927 1632
907 958 1707
908 973 1708
909 990 1357
910 999 1766
911 980 1518
912 949 1610
913 933 1543
914 993 1395
915 931 1589
916 970 1975
917 956 1076
918 993 1959
919 971 1561
920 921 1442
921 944 1675
922 978 1869
923 944 1252
924 935 1497
925 936 1674
926 945 1040
927 937 1948
928 991 1165
929 1000 1883
930 985 1016
931 972 1072
932 943 1739
933 997 1907
934 959 1130
935 994 1692
936 938 1582
937 950 1163
938 976 1688
939 975 1702
940 971 1092
941 942 1605
942 1000 1427
943 967 1756
944 949 1891
945 985 1998
946 992 1694
947 1000 1637
948 958 1578
949 997 1414
950 959 1945
951 970 1466
952 979 1518
953 977 1542
954 962 1048
955 995 1180
956 961 1300
957 996 1986
958 960 1986
959 976 1088
960 993 1738
961 985 1640
962 964 1815
963 986 1054
964 977 1273
965 974 1103
966 979 1673
967 994 1710
968 991 1501
969 993 1440
970 973 1155
971 986 1161
972 994 1058
973 974 1912
974 996 1252
975 1000 1917
976 1000 1641
977 985 1523
978 987 1669
979 993 1105
980 996 1624
981 989 1242
982 993 1697
983 993 1810
984 998 1542
985 1000 1671
986 991 1518
987 991 1283
988 991 1394
989 999 1156
990 997 1261
991 997 1623
992 1000 1853
993 997 1626
994 1000 1997
995 998 1106
996 999 1404
997 1000 1289
998 1000 1209
999 1000 1306
0 1 1768
0 2 1798
1 3 1103
2 4 1680
3 5 1884
0 6 1458
6 7 1497
6 8 1901
2 9 1656
8 10 1501
3 11 1522
5 12 1762
6 13 1273
11 14 1957
10 15 1019
13 16 1667
13 17 1454
13 18 1801
0 19 1666
19 20 1348
2 21 1392
12 22 1403
15 23 1893
7 24 1316
5 25 1266
19 26 1199
16 27 1756
22 28 1563
21 29 1915
23 30 1875
7 31 1841
13 32 1085
24 33 1792
28 34 1319
9 35 1864
6 36 1814
20 37 1861
28 38 1508
20 39 1145
38 40 1205
35 41 1427
24 42 1078
37 43 1827
20 44 1259
25 46 1440
34 47 1844
17 48 1913
23 49 1275
20 50 1556
31 51 1372
21 52 1830
4 53 1817
49 54 1616
13 55 1089
31 56 1066
33 57 1565
16 58 1086
36 59 1767
44 60 1220
58 61 1519
50 62 1782
14 63 1251
61 64 1671
4 65 1058
6 66 1668
49 67 1341
39 68 1527
18 69 1074
31 70 1148
21 71 1727
61 72 1139
37 73 1359
68 74 1001
65 75 1692
64 76 1834
58 77 1978
60 78 1415
4 79 1436
5 80 1151
0 81 1693
4 82 1598
59 83 1844
48 84 1663
65 85 1749
43 86 1615
26 87 1824
2 89 1144
66 90 1241
53 91 1502
78 92 1131
0 93 1858
67 95 1913
0 96 1112
0 97 1659
50 98 1791
52 99 1265
29 101 1004
69 102 1015
46 103 1339
44 104 1549
103 105 1420
68 106 1602
3 107 1542
36 108 1581
25 109 1026
69 111 1223
45 112 1695
46 113 1856
109 114 1565
56 115 1580
97 116 1504
60 117 1458
7 118 1723
49 119 1633
80 120 1998
115 121 1663
64 123 1158
8 124 1768
5 126 1400
115 127 1103
15 129 1466
43 131 1100
130 132 1349
53 133 1682
82 134 1170
102 135 1036
50 136 1208
24 137 1451
83 138 1063
124 139 1838
86 140 1413
131 141 1983
33 142 1875
100 143 1438
101 144 1619
99 145 1660
49 146 1928
97 147 1798
1 149 1161
50 151 1700
8 152 1795
148 155 1989
29 156 1322
50 157 1617
107 158 1252
43 159 1987
56 160 1211
109 161 1464
52 164 1973
95 165 1920
158 166 1810
102 167 1200
129 168 1153
8 169 1650
55 170 1534
65 171 1746
14 172 1652
116 174 1117
5 175 1899
105 176 1856
38 177 1678
0 178 1266
33 179 1845
174 180 1351
45 181 1034
56 182 1043
9 183 1657
22 184 1807
148 185 1856
73 187 1330
135 189 1649
142 190 1223
70 191 1153
123 192 1751
176 193 1014
37 194 1451
159 195 1689
145 196 1049
51 197 1101
197 198 1424
56 199 1988
2 200 1921
85 201 1749
177 202 1820
28 203 1675
36 204 1628
35 205 1293
140 206 1616
30 209 1629
155 211 1991
154 212 1208
149 213 1735
120 214 1185
106 215 1466
20 217 1114
163 218 1998
111 219 1904
38 220 1752
23 221 1481
209 223 1860
156 224 1333
141 225 1627
162 227 1678
102 229 1297
12 230 1814
128 234 1457
6 235 1892
30 236 1272
19 237 1122
164 238 1371
176 239 1445
57 242 1414
23 243 1722
241 246 1931
106 247 1138
235 248 1746
71 249 1114
208 250 1907
185 252 1081
8 254 1693
81 257 1462
43 261 1394
187 262 1974
185 263 1033
223 265 1807
5 266 1815
250 267 1028
5 268 1276
211 269 1358
89 271 1534
52 272 1691
226 273 1788
55 275 1205
154 276 1752
132 277 1113
273 278 1401
186 279 1571
99 280 1300
33 281 1523
14 283 1023
225 284 1406
99 288 1859
268 289 1699
95 290 1771
223 291 1647
170 293 1197
207 294 1720
216 295 1387
189 297 1051
161 299 1726
21 302 1283
264 305 1529
49 306 1327
211 307 1141
4 308 1518
91 310 1318
153 311 1177
82 313 1065
139 316 1357
223 318 1152
22 319 1419
5 321 1652
185 322 1518
38 323 1078
267 324 1169
244 328 1722
161 329 1666
321 330 1112
321 331 1935
134 332 1264
215 333 1587
189 334 1257
219 335 1797
183 336 1159
7 337 1078
285 340 1887
233 342 1757
289 344 1000
322 346 1792
270 347 1391
334 348 1081
156 351 1262
208 352 1571
245 353 1115
18 354 1895
188 356 1601
236 358 1127
302 360 1277
166 361 1542
77 364 1423
194 367 1779
195 369 1083
187 371 1872
4 372 1187
114 374 1427
138 375 1875
99 376 1256
139 378 1928
126 379 1721
145 381 1318
253 382 1563
264 384 1340
201 387 1462
215 390 1910
306 391 1609
230 394 1023
6 395 1439
58 397 1065
35 398 1746
198 399 1211
158 401 1434
150 402 1469
104 405 1570
251 406 1091
210 407 1136
318 408 1268
333 409 1631
340 410 1302
278 411 1627
286 413 1239
15 414 1704
144 415 1546
180 417 1510
172 418 1741
231 420 1261
37 421 1819
249 422 1498
340 424 1026
110 425 1475
152 426 1419
44 427 1717
8 431 1290
321 433 1775
305 434 1713
327 435 1306
141 436 1989
53 438 1311
50 439 1932
59 440 1125
244 441 1122
214 442 1406
84 445 1063
390 446 1581
104 452 1726
236 458 1639
52 459 1044
164 461 1171
450 464 1387
403 467 1814
159 468 1579
126 474 1687
193 475 1140
77 478 1100
286 479 1034
352 483 1080
289 488 1117
361 489 1378
220 492 1931
189 493 1610
377 497 1805
139 498 1530
72 499 1443
116 500 1982
39 501 1669
501 505 1506
6 506 1743
13 507 1415
435 508 1343
94 509 1722
446 514 1630
408 516 1081
484 517 1881
175 524 1691
494 527 1420
470 529 1378
291 530 1010
157 531 1399
25 533 1738
442 534 1979
395 536 1017
298 538 1198
169 541 1953
295 544 1870
196 545 1515
341 546 1629
439 549 1654
18 551 1014
237 552 1315
95 555 1550
522 556 1220
297 557 1836
142 558 1833
550 559 1932
148 560 1607
333 561 1758
6 565 1414
544 569 1005
167 574 1565
130 575 1839
417 587 1468
552 588 1928
552 590 1165
52 591 1523
259 593 1895
327 594 1222
369 595 1425
74 596 1721
548 597 1768
138 598 1459
384 600 1661
321 601 1521
454 604 1430
525 606 1852
179 607 1303
223 608 1518
589 609 1941
528 612 1848
65 613 1719
560 615 1851
144 617 1241
258 618 1785
379 619 1270
262 620 1559
176 623 1929
603 624 1490
485 631 1840
254 633 1202
27 634 1558
569 636 1552
550 637 1660
3 639 1551
391 643 1043
184 644 1946
100 645 1656
598 650 1170
39 652 1652
39 653 1242
180 657 1359
649 666 1841
211 667 1169
420 669 1691
120 672 1820
134 678 1165
469 682 1417
448 683 1467
545 686 1830
425 689 1511
211 690 1257
230 693 1272
469 695 1372
6 698 1645
535 700 1213
474 709 1644
565 710 1632
107 711 1452
252 712 1795
33 717 1355
530 723 1782
250 724 1781
609 732 1389
39 736 1442
299 737 1275
670 740 1898
67 746 1620
612 747 1583
339 753 1512
672 761 1447
191 764 1047
268 767 1533
702 769 1701
688 785 1563
194 786 1484
615 803 1150
650 808 1656
398 809 1294
460 810 1291
329 811 1201
679 813 1646
510 815 1395
710 817 1536
786 831 1507
806 834 1198
182 838 1805
15 840 1071
539 847 1911
205 852 1987
89 875 1251
477 876 1448
669 879 1576
73 897 1272
473 901 1205
781 910 1674
295 923 1420
524 930 1523
10 939 1942
