0 90 1732
1 126 1020
2 59 1834
3 16 1674
4 87 1508
5 36 1760
6 131 1016
7 71 1045
8 83 1554
9 138 1278
10 187 1497
11 189 1130
12 186 1731
13 99 1909
14 67 1397
15 106 1639
16 62 1962
17 76 1648
18 169 1703
19 121 1491
20 122 1313
21 129 1836
22 146 1052
23 128 1063
24 47 1922
25 47 1255
26 155 1620
27 73 1151
28 46 1775
29 67 1088
30 95 1358
31 153 1472
32 72 1407
33 137 1627
34 131 1973
35 133 1825
36 129 1386
37 85 1204
38 137 1575
39 156 1180
40 95 1681
41 78 1632
42 99 1729
43 162 1587
44 101 1273
45 189 1489
46 190 1870
47 54 1573
48 101 1006
49 185 1937
50 89 1239
51 175 1224
52 154 1010
53 174 1667
54 182 1154
55 88 1374
56 198 1709
57 87 1366
58 186 1708
59 113 1854
60 194 1020
61 152 1955
62 153 1453
63 113 1564
64 158 1992
65 109 1753
66 93 1431
67 187 1731
68 155 1078
69 114 1886
70 99 1382
71 197 1332
72 78 1260
73 172 1643
74 134 1361
75 171 1246
76 102 1507
77 144 1194
78 88 1856
79 163 1502
80 193 1426
81 139 1006
82 183 1134
83 184 1105
84 129 1519
85 112 1581
86 101 1375
87 187 1933
88 155 1158
89 168 1065
90 174 1475
91 198 1451
92 157 1519
93 193 1962
94 150 1193
95 102 1351
96 154 1116
97 112 1069
98 196 1892
99 185 1590
100 189 1927
101 185 1344
102 200 1657
103 171 1534
104 193 1376
105 156 1002
106 132 1046
107 155 1361
108 110 1197
109 119 1159
110 168 1165
111 116 1169
112 146 1528
113 151 1042
114 191 1718
115 194 1829
116 151 1524
117 170 1177
118 125 1936
119 177 1898
120 194 1584
121 155 1156
122 133 1168
123 150 1875
124 144 1929
125 195 1390
126 154 1215
127 131 1018
128 173 1947
129 156 1994
130 181 1287
131 179 1987
132 134 1401
133 146 1054
134 147 1862
135 149 1991
136 155 1760
137 194 1187
138 153 1346
139 185 1558
140 150 1391
141 167 1842
142 151 1580
143 166 1726
144 159 1571
145 177 1896
146 196 1221
147 149 1527
148 156 1072
149 167 1516
150 180 1208
151 164 1042
152 191 1599
153 170 1851
154 171 1969
155 181 1741
156 174 1926
157 160 1024
158 171 1180
159 196 1316
160 198 1705
161 177 1259
162 199 1946
163 193 1744
164 175 1915
165 175 1003
166 193 1012
167 190 1371
168 195 1667
169 197 1886
170 198 1284
171 176 1840
172 182 1858
173 179 1357
174 191 1816
175 194 1077
176 189 1249
177 191 1107
178 191 1432
179 184 1113
180 184 1629
181 185 1116
182 186 1189
183 188 1552
184 185 1239
185 190 1907
186 188 1972
187 196 1327
188 193 1423
189 190 1372
190 200 1491
191 199 1952
192 195 1188
193 196 1259
194 197 1374
195 196 1907
196 198 1591
197 198 1471
198 199 1300
199 200 1183
0 1 1701
1 2 1370
2 3 1384
3 4 1916
0 5 1196
4 6 1553
1 7 1313
6 8 1279
8 9 1825
8 10 1600
3 11 1659
1 12 1290
9 13 1510
2 14 1292
0 15 1343
9 17 1735
17 18 1439
10 19 1655
9 20 1980
12 21 1300
0 22 1347
6 23 1809
16 24 1830
9 25 1752
9 26 1007
25 27 1344
24 28 1697
19 29 1405
28 30 1103
23 31 1019
14 32 1413
26 33 1374
13 34 1351
24 35 1808
25 37 1225
24 38 1024
21 39 1163
17 40 1315
27 41 1137
30 42 1282
26 43 1485
4 44 1856
19 45 1377
30 48 1118
18 49 1605
30 50 1237
13 51 1865
32 52 1928
42 53 1832
46 55 1371
42 56 1401
54 57 1739
21 58 1699
28 60 1900
15 61 1772
18 63 1417
15 64 1726
15 65 1132
19 66 1790
57 68 1594
63 69 1171
45 70 1913
71 74 1984
71 75 1392
20 77 1285
74 79 1932
16 80 1008
11 81 1331
71 82 1556
7 84 1223
1 86 1555
65 91 1289
52 92 1494
80 94 1430
65 96 1597
59 97 1147
82 98 1629
31 100 1304
44 103 1573
19 104 1948
93 105 1164
8 107 1534
0 108 1884
63 111 1674
63 115 1411
43 117 1888
12 118 1660
19 120 1693
21 123 1633
123 124 1516
26 127 1682
67 130 1837
28 135 1743
94 136 1608
121 140 1437
14 141 1847
78 142 1017
37 143 1325
12 145 1207
29 148 1158
24 161 1077
33 165 1468
33 178 1609
48 192 1603
