0 66 1414
1 445 1040
2 273 1954
3 233 1915
4 328 1355
5 106 1608
6 416 1825
7 193 1092
8 277 1136
9 307 1074
10 318 1561
11 44 1699
12 105 1080
13 446 1631
14 79 1695
15 24 1678
16 298 1510
17 439 1270
18 49 1309
19 166 1753
20 485 1577
21 74 1114
22 340 1270
23 106 1963
24 154 1023
25 336 1958
26 73 1959
27 416 1047
28 256 1187
29 273 1474
30 193 1534
31 494 1470
32 255 1984
33 267 1741
34 79 1844
35 281 1831
36 172 1661
37 41 1946
38 40 1084
39 465 1760
40 327 1801
41 196 1861
42 486 1131
43 300 1724
44 454 1965
45 341 1301
46 229 1264
47 333 1716
48 301 1583
49 149 1385
50 167 1307
51 186 1976
52 296 1035
53 123 1949
54 315 1047
55 132 1062
56 110 1393
57 161 1804
58 485 1481
59 455 1686
60 288 1372
61 351 1380
62 130 1440
63 419 1230
64 363 1039
65 277 1871
66 459 1765
67 491 1065
68 218 1303
69 372 1846
70 90 1818
71 122 1688
72 128 1845
73 197 1574
74 262 1973
75 147 1755
76 171 1411
77 249 1404
78 461 1827
79 160 1214
80 168 1612
81 183 1282
82 279 1719
83 190 1199
84 351 1558
85 136 1842
86 492 1346
87 291 1875
88 461 1168
89 390 1095
90 221 1986
91 343 1166
92 254 1694
93 496 1049
94 160 1773
95 411 1346
96 207 1226
97 179 1439
98 289 1404
99 296 1500
100 188 1042
101 476 1604
102 449 1139
103 264 1060
104 412 1343
105 130 1980
106 135 1629
107 451 1194
108 348 1897
109 192 1605
110 205 1897
111 325 1964
112 497 1685
113 337 1033
114 293 1153
115 252 1085
116 367 1049
117 402 1992
118 363 1240
119 255 1941
120 313 1900
121 491 1936
122 466 1313
123 419 1101
124 483 1840
125 397 1438
126 211 1860
127 215 1625
128 235 1946
129 241 1756
130 374 1522
131 161 1894
132 198 1982
133 335 1707
134 315 1830
135 159 1267
136 174 1829
137 236 1135
138 482 1011
139 388 1129
140 239 1296
141 188 1216
142 153 1794
143 156 1117
144 444 1411
145 163 1893
146 253 1251
147 357 1859
148 275 1893
149 312 1496
150 214 1176
151 281 1714
152 260 1580
153 396 1774
154 185 1719
155 474 1420
156 301 1052
157 439 1558
158 258 1926
159 343 1004
160 490 1230
161 343 1311
162 215 1511
163 459 1415
164 402 1186
165 447 1468
166 317 1099
167 346 1558
168 485 1711
169 337 1369
170 229 1896
171 483 1216
172 359 1831
173 355 1108
174 410 1165
175 448 1706
176 487 1078
177 378 1807
178 236 1227
179 313 1464
180 433 1554
181 473 1722
182 457 1251
183 487 1962
184 418 1201
185 298 1835
186 305 1172
187 429 1746
188 458 1767
189 253 1839
190 454 1707
191 198 1218
192 418 1127
193 358 1608
194 476 1978
195 446 1025
196 497 1263
197 235 1678
198 319 1612
199 393 1356
200 369 1351
201 495 1584
202 287 1908
203 428 1638
204 475 1951
205 391 1962
206 263 1531
207 368 1130
208 487 1318
209 252 1174
210 399 1089
211 220 1877
212 348 1791
213 247 1133
214 215 1985
215 485 1663
216 374 1003
217 479 1588
218 416 1151
219 275 1472
220 270 1372
221 391 1778
222 312 1458
223 241 1108
224 445 1053
225 301 1566
226 346 1188
227 370 1769
228 400 1805
229 419 1659
230 467 1414
231 245 1790
232 297 1050
233 428 1588
234 438 1135
235 270 1460
236 393 1872
237 487 1594
238 324 1388
239 249 1798
240 443 1794
241 283 1291
242 407 1006
243 428 1738
244 291 1085
245 350 1674
246 270 1065
247 394 1510
248 332 1153
249 341 1660
250 330 1361
251 313 1262
252 298 1017
253 357 1950
254 479 1452
255 434 1242
256 423 1999
257 347 1186
258 266 1708
259 282 1402
260 426 1851
261 263 1680
262 482 1852
263 280 1596
264 271 1907
265 450 1407
266 327 1640
267 279 1169
268 348 1866
269 435 1547
270 488 1815
271 329 1493
272 446 1042
273 286 1182
274 468 1994
275 351 1486
276 467 1027
277 359 1233
278 443 1004
279 368 1050
280 379 1172
281 315 1641
282 337 1705
283 289 1651
284 439 1302
285 327 1716
286 324 1217
287 366 1268
288 332 1470
289 298 1475
290 409 1139
291 488 1146
292 359 1210
293 471 1304
294 468 1908
295 483 1357
296 405 1384
297 464 1079
298 343 1904
299 370 1446
300 430 1980
301 419 1838
302 374 1517
303 383 1489
304 440 1224
305 369 1566
306 496 1164
307 382 1578
308 409 1274
309 441 1089
310 312 1705
311 438 1657
312 475 1491
313 357 1948
314 369 1528
315 484 1672
316 409 1165
317 413 1412
318 453 1096
319 390 1361
320 378 1810
321 401 1882
322 333 1585
323 408 1138
324 391 1689
325 499 1273
326 328 1055
327 337 1290
328 375 1282
329 470 1316
330 461 1454
331 408 1531
332 487 1854
333 360 1666
334 431 1845
335 359 1088
336 469 1954
337 388 1572
338 448 1885
339 392 1093
340 420 1762
341 360 1259
342 455 1649
343 425 1788
344 353 1760
345 431 1276
346 359 1414
347 375 1036
348 469 1436
349 359 1933
350 389 1370
351 441 1585
352 430 1906
353 356 1047
354 458 1741
355 392 1425
356 477 1593
357 363 1267
358 372 1364
359 443 1715
360 386 1784
361 460 1015
362 420 1299
363 456 1631
364 455 1617
365 384 1392
366 495 1016
367 490 1618
368 482 1120
369 403 1823
370 406 1853
371 405 1369
372 437 1074
373 482 1174
374 494 1932
375 470 1602
376 448 1408
377 473 1282
378 467 1546
379 383 1528
380 453 1611
381 462 1048
382 420 1990
383 454 1982
384 462 1751
385 484 1873
386 498 1064
387 410 1768
388 411 1778
389 448 1032
390 398 1828
391 395 1199
392 456 1011
393 438 1384
394 478 1863
395 476 1947
396 496 1525
397 445 1720
398 410 1422
399 466 1336
400 491 1243
401 414 1680
402 404 1427
403 442 1539
404 447 1595
405 409 1035
406 477 1217
407 453 1220
408 426 1246
409 460 1749
410 477 1093
411 452 1364
412 495 1771
413 489 1860
414 419 1581
415 442 1398
416 431 1321
417 435 1993
418 485 1922
419 461 1223
420 448 1675
421 481 1006
422 439 1055
423 477 1375
424 428 1779
425 453 1390
426 463 1649
427 468 1015
428 434 1274
429 485 1145
430 483 1150
431 439 1058
432 499 1763
433 466 1743
434 488 1880
435 460 1942
436 457 1349
437 445 1482
438 449 1065
439 482 1578
440 480 1143
441 482 1911
442 453 1391
443 497 1759
444 485 1636
445 455 1891
446 456 1887
447 457 1049
448 500 1311
449 487 1959
450 456 1826
451 471 1877
452 481 1469
453 461 1221
454 489 1060
455 469 1738
456 466 1735
457 467 1954
458 492 1410
459 462 1850
460 495 1927
461 474 1428
462 482 1585
463 487 1887
464 475 1927
465 489 1732
466 475 1556
467 487 1832
468 485 1271
469 476 1363
470 476 1300
471 475 1563
472 477 1510
473 493 1085
474 479 1743
475 495 1762
476 491 1661
477 490 1122
478 481 1651
479 491 1176
480 490 1385
481 487 1355
482 498 1497
483 488 1411
484 498 1513
485 497 1034
486 488 1650
487 498 1754
488 498 1473
489 493 1637
490 492 1397
491 495 1527
492 496 1401
493 496 1455
494 497 1616
495 496 1609
496 499 1406
497 499 1646
498 499 1370
499 500 1569
0 1 1640
1 2 1801
1 3 1474
3 4 1781
3 5 1405
2 6 1512
6 7 1852
3 8 1354
8 9 1483
2 10 1089
2 11 1715
1 12 1894
7 13 1816
0 14 1283
8 15 1409
12 16 1207
9 17 1716
6 18 1310
0 19 1963
14 20 1015
17 21 1727
21 22 1419
10 23 1615
21 25 1847
0 26 1277
5 27 1606
24 28 1917
11 29 1471
0 30 1051
21 31 1494
28 32 1040
27 33 1481
33 34 1161
15 35 1409
21 36 1268
2 37 1907
16 38 1303
21 39 1034
37 42 1911
31 43 1747
9 45 1617
5 46 1725
23 47 1185
28 48 1011
3 50 1309
48 51 1735
3 52 1885
34 53 1452
37 54 1850
4 55 1000
7 56 1256
50 57 1460
4 58 1217
4 59 1250
28 60 1087
4 61 1434
33 62 1421
0 63 1401
32 64 1315
28 65 1726
7 67 1868
22 68 1418
62 69 1669
35 70 1988
20 71 1165
50 72 1110
42 75 1619
57 76 1007
72 77 1929
3 78 1909
47 80 1043
77 81 1823
62 82 1732
48 83 1445
33 84 1925
69 85 1629
10 86 1978
38 87 1611
13 88 1140
6 89 1172
1 91 1588
33 92 1215
38 93 1906
82 94 1207
71 95 1915
17 96 1265
48 97 1064
60 98 1719
70 99 1905
54 100 1871
10 101 1013
67 102 1756
3 103 1380
22 104 1927
106 107 1188
99 108 1809
77 109 1868
85 111 1367
111 112 1689
74 113 1426
84 114 1794
64 115 1393
54 116 1250
71 117 1582
76 118 1489
91 119 1843
17 120 1255
52 121 1623
61 124 1327
106 125 1816
110 126 1931
63 127 1862
95 129 1322
30 131 1362
25 133 1227
106 134 1785
41 137 1124
108 138 1650
110 139 1539
101 140 1383
8 141 1528
31 142 1931
125 143 1774
93 144 1105
2 145 1237
6 146 1156
69 148 1605
0 150 1176
2 151 1288
8 152 1716
15 155 1324
43 157 1915
115 158 1195
149 162 1550
29 164 1393
51 165 1063
13 169 1506
9 170 1668
121 173 1550
59 175 1551
10 176 1811
170 177 1478
90 178 1604
125 180 1891
60 181 1843
145 182 1906
80 184 1272
96 187 1650
57 189 1149
110 191 1506
135 194 1600
19 195 1650
24 199 1699
51 200 1067
154 201 1700
171 202 1724
81 203 1420
32 204 1602
1 206 1863
190 208 1139
79 209 1255
120 210 1191
42 212 1636
80 213 1963
153 216 1924
172 217 1819
48 219 1315
78 222 1051
159 223 1479
59 224 1659
7 225 1283
219 226 1925
89 227 1366
66 228 1860
147 230 1959
204 231 1083
220 232 1048
176 234 1647
115 237 1884
163 238 1145
223 240 1693
41 242 1228
195 243 1414
61 244 1623
18 246 1954
116 248 1448
215 250 1448
114 251 1054
188 257 1356
75 259 1369
126 261 1162
252 265 1184
36 268 1161
49 269 1766
5 272 1210
43 274 1385
121 276 1780
25 278 1721
49 284 1318
144 285 1170
87 290 1744
22 292 1270
82 294 1046
262 295 1034
242 299 1145
158 302 1947
253 303 1612
164 304 1917
243 306 1608
37 308 1632
232 309 1045
111 310 1375
18 311 1653
201 314 1958
48 316 1702
86 320 1959
105 321 1445
172 322 1641
104 323 1937
29 326 1294
88 331 1219
103 334 1384
95 338 1432
288 339 1311
178 342 1800
321 344 1777
23 345 1502
203 349 1831
260 352 1460
309 354 1895
356 361 1811
245 362 1467
284 364 1340
253 365 1734
233 371 1358
162 373 1142
171 376 1812
121 377 1995
377 380 1338
56 381 1290
73 385 1796
36 387 1262
125 415 1339
76 417 1580
403 421 1637
330 422 1729
226 424 1008
182 427 1490
3 432 1931
420 436 1303
146 472 1088
