0 917 1095
1 453 1786
2 544 1598
3 759 1008
4 632 1180
5 132 1318
6 281 1178
7 1376 1357
8 303 1526
9 1195 1930
10 945 1836
11 847 1430
12 816 1521
13 989 1602
14 1172 1992
15 1458 1219
16 1494 1269
17 937 1659
18 1219 1886
19 64 1392
20 523 1234
21 101 1766
22 266 1273
23 279 1903
24 1451 1644
25 948 1779
26 1413 1902
27 1393 1859
28 492 1823
29 914 1974
30 213 1769
31 106 1535
32 771 1387
33 580 1294
34 677 1395
35 1458 1610
36 1090 1760
37 831 1152
38 1554 1870
39 641 1797
40 832 1019
41 1007 1303
42 559 1446
43 1006 1178
44 749 1055
45 666 1927
46 1106 1953
47 500 1975
48 837 1132
49 940 1053
50 916 1592
51 1340 1073
52 320 1212
53 957 1648
54 695 1075
55 496 1297
56 877 1704
57 208 1739
58 1036 1920
59 503 1994
60 94 1638
61 745 1320
62 171 1485
63 1321 1480
64 597 1294
65 820 1381
66 1215 1641
67 177 1593
68 668 1584
69 1485 1786
70 407 1718
71 325 1855
72 569 1263
73 1572 1601
74 567 1697
75 1137 1716
76 606 1536
77 1183 1725
78 1261 1336
79 1528 1397
80 883 1971
81 1584 1795
82 1291 1482
83 763 1255
84 1345 1680
85 135 1115
86 323 1410
87 1209 1900
88 1495 1675
89 1141 1710
90 280 1028
91 1139 1159
92 936 1777
93 1036 1241
94 313 1182
95 183 1707
96 1261 1928
97 116 1281
98 1107 1256
99 169 1183
100 991 1106
101 273 1109
102 281 1580
103 736 1324
104 854 1354
105 521 1535
106 229 1206
107 350 1933
108 438 1132
109 612 1682
110 863 1844
111 531 1581
112 188 1617
113 452 1917
114 1286 1118
115 1338 1140
116 1435 1200
117 1212 1253
118 1435 1479
119 1037 1146
120 330 1982
121 643 1366
122 1519 1857
123 208 1946
124 1336 1062
125 568 1227
126 161 1725
127 540 1552
128 1251 1105
129 356 1833
130 277 1936
131 1406 1267
132 662 1575
133 1405 1912
134 520 1751
135 1399 1587
136 892 1988
137 383 1353
138 946 1779
139 983 1299
140 1113 1707
141 718 1968
142 1410 1669
143 349 1999
144 1171 1142
145 505 1587
146 837 1139
147 570 1943
148 1424 1131
149 503 1816
150 1113 1144
151 1277 1610
152 1518 1191
153 1209 1954
154 516 1848
155 554 1571
156 597 1735
157 444 1869
158 1476 1168
159 695 1967
160 633 1490
161 1030 1213
162 288 1850
163 715 1309
164 550 1192
165 222 1195
166 1157 1022
167 889 1340
168 1204 1565
169 1453 1887
170 873 1482
171 267 1975
172 1024 1110
173 813 1670
174 1575 1747
175 288 1764
176 310 1978
177 463 1645
178 982 1417
179 534 1504
180 1340 1657
181 1566 1147
182 1491 1910
183 614 1188
184 864 1688
185 560 1155
186 952 1935
187 626 1379
188 1356 1491
189 549 1983
190 1482 1177
191 746 1241
192 805 1113
193 216 1685
194 1298 1172
195 375 1045
196 1544 1516
197 1335 1606
198 324 1411
199 523 1151
200 1176 1909
201 941 1385
202 1155 1554
203 929 1418
204 584 1371
205 965 1612
206 337 1390
207 1341 1098
208 1286 1893
209 565 1403
210 1435 1048
211 903 1495
212 1509 1299
213 681 1726
214 1398 1346
215 652 1816
216 1026 1496
217 727 1663
218 1247 1927
219 1081 1256
220 815 1434
221 375 1361
222 1061 1111
223 1471 1980
224 1098 1456
225 1434 1506
226 896 1368
227 921 1515
228 1033 1618
229 1401 1089
230 1331 1501
231 864 1356
232 1025 1901
233 356 1496
234 1454 1707
235 1191 1250
236 895 1060
237 1017 1434
238 1298 1831
239 752 1131
240 804 1415
241 1068 1709
242 868 1440
243 247 1204
244 765 1519
245 1205 1809
246 761 1178
247 1388 1766
248 1600 1663
249 775 1335
250 266 1553
251 646 1260
252 905 1292
253 1450 1363
254 1510 1322
255 694 1954
256 811 1086
257 910 1682
258 964 1437
259 492 1527
260 316 1500
261 943 1332
262 274 1533
263 646 1739
264 1120 1371
265 541 1402
266 1433 1573
267 1142 1401
268 1451 1656
269 1101 1712
270 417 1620
271 1033 1782
272 357 1040
273 307 1924
274 641 1018
275 964 1863
276 436 1951
277 634 1852
278 915 1656
279 295 1191
280 381 1669
281 480 1132
282 1322 1364
283 1138 1614
284 1165 1194
285 341 1253
286 1407 1714
287 1501 1842
288 695 1915
289 1521 1871
290 404 1835
291 1582 1921
292 1020 1122
293 1574 1999
294 341 1921
295 650 1365
296 967 1561
297 1422 1097
298 357 1768
299 649 1150
300 376 1487
301 1391 1622
302 923 1999
303 1310 1787
304 493 1889
305 572 1750
306 691 1892
307 617 1609
308 502 1881
309 420 1736
310 1140 1411
311 641 1001
312 1417 1283
313 1057 1844
314 1282 1663
315 975 1806
316 1076 1410
317 1040 1504
318 669 1271
319 1466 1716
320 831 1367
321 902 1255
322 745 1138
323 702 1210
324 1434 1994
325 1542 1059
326 930 1691
327 601 1968
328 923 1542
329 719 1099
330 846 1277
331 419 1441
332 371 1169
333 953 1589
334 431 1118
335 855 1818
336 1348 1681
337 1492 1797
338 888 1392
339 1168 1632
340 946 1655
341 1390 1547
342 1256 1995
343 1243 1422
344 1421 1143
345 603 1809
346 1300 1884
347 1424 1412
348 850 1958
349 1508 1066
350 732 1329
351 1038 1504
352 1032 1402
353 715 1564
354 1389 1082
355 1343 1313
356 572 1445
357 811 1726
358 1286 1297
359 1380 1318
360 1522 1090
361 778 1682
362 657 1282
363 672 1698
364 893 1718
365 639 1124
366 594 1643
367 929 1163
368 692 1567
369 1374 1880
370 457 1149
371 1584 1078
372 696 1928
373 541 1095
374 672 1976
375 670 1860
376 398 1147
377 1454 1866
378 427 1338
379 1082 1072
380 1220 1812
381 1005 1797
382 1206 1689
383 1454 1646
384 886 1212
385 769 1181
386 490 1164
387 1421 1373
388 947 1276
389 1256 1674
390 1474 1941
391 675 1894
392 1545 1397
393 1164 1581
394 471 1673
395 547 1722
396 563 1278
397 1426 1890
398 567 1445
399 1522 1838
400 690 1933
401 1144 1999
402 963 1563
403 991 1202
404 1213 1356
405 700 1459
406 1302 1187
407 1203 1933
408 1559 1501
409 1049 1895
410 881 1769
411 469 1675
412 1523 1334
413 907 1256
414 961 1061
415 836 1847
416 1190 1182
417 1415 1986
418 1444 1798
419 1349 1672
420 428 1549
421 941 1150
422 1444 1918
423 1427 1903
424 1158 1063
425 952 1692
426 1269 1456
427 845 1919
428 1373 1593
429 1202 1425
430 1069 1972
431 712 1036
432 798 1106
433 498 1930
434 597 1010
435 1383 1204
436 1173 1267
437 880 1679
438 748 1698
439 793 1048
440 795 1583
441 853 1192
442 1512 1578
443 672 1971
444 1436 1771
445 1033 1603
446 910 1599
447 1247 1385
448 941 1238
449 1470 1939
450 1137 1098
451 1326 1857
452 643 1426
453 1600 1066
454 961 1812
455 1123 1547
456 862 1873
457 972 1255
458 619 1385
459 543 1787
460 614 1616
461 1403 1784
462 720 1529
463 1398 1411
464 889 1982
465 910 1321
466 1310 1130
467 1505 1860
468 820 1877
469 1113 1835
470 1297 1007
471 970 1717
472 1595 1816
473 1137 1294
474 1080 1307
475 963 1586
476 772 1339
477 632 1518
478 706 1630
479 774 1806
480 499 1046
481 1446 1041
482 1019 1502
483 1157 1496
484 755 1130
485 879 1238
486 1318 1263
487 705 1914
488 1053 1777
489 537 1375
490 1409 1899
491 1512 1964
492 1200 1153
493 1596 1919
494 791 1762
495 792 1061
496 1330 1154
497 1418 1109
498 1212 1619
499 1142 1826
500 1385 1083
501 1562 1503
502 1561 1720
503 1039 1316
504 592 1816
505 742 1767
506 746 1230
507 1396 1102
508 955 1310
509 631 1385
510 1050 1250
511 1158 1461
512 1405 1645
513 958 1202
514 1081 1084
515 1141 1430
516 727 1013
517 1146 1594
518 1555 1335
519 599 1010
520 947 1441
521 1422 1082
522 1410 1926
523 1588 1132
524 1190 1302
525 558 1966
526 636 1473
527 1078 1577
528 729 1116
529 1350 1084
530 1369 1525
531 673 1502
532 1596 1203
533 1152 1123
534 967 1215
535 1361 1462
536 721 1631
537 636 1564
538 1064 1417
539 1483 1841
540 706 1325
541 851 1980
542 636 1643
543 1001 1557
544 1066 1299
545 1383 1976
546 1555 1355
547 1200 1385
548 625 1179
549 1438 1646
550 1120 1516
551 945 1836
552 977 1343
553 1260 1330
554 1008 1595
555 1202 1946
556 1441 1326
557 1044 1742
558 1561 1924
559 700 1551
560 1187 1573
561 1251 1544
562 597 1329
563 981 1513
564 640 1359
565 634 1463
566 1544 1963
567 648 1353
568 1428 1469
569 898 1990
570 1008 1502
571 611 1530
572 794 1838
573 1368 1128
574 1453 1385
575 714 1584
576 782 1720
577 1111 1545
578 1196 1043
579 1301 1970
580 1219 1836
581 787 1227
582 735 1151
583 1463 1889
584 1078 1205
585 787 1230
586 866 1560
587 1001 1814
588 909 1449
589 843 1557
590 1473 1125
591 750 1807
592 658 1062
593 1361 1680
594 1240 1766
595 1016 1929
596 871 1222
597 789 1276
598 603 1956
599 1373 1623
600 1292 1059
601 1089 1876
602 1081 1812
603 1137 1257
604 703 1427
605 1393 1915
606 1493 1052
607 1262 1886
608 1481 1092
609 1258 1391
610 1115 1724
611 623 1410
612 1535 1152
613 733 1375
614 669 1726
615 1527 1167
616 1056 1266
617 994 1869
618 745 1951
619 909 1656
620 676 1671
621 1042 1837
622 949 1723
623 673 1489
624 790 1190
625 639 1995
626 980 1267
627 1213 1688
628 1466 1680
629 1545 1881
630 1216 1098
631 1285 1503
632 1452 1551
633 753 1022
634 1252 1123
635 810 1207
636 1210 1594
637 1143 1879
638 687 1997
639 1458 1909
640 1328 1119
641 1541 1697
642 1067 1479
643 1578 1600
644 923 1616
645 1091 1604
646 1143 1723
647 846 1744
648 1352 1886
649 962 1025
650 1054 1462
651 1085 1744
652 1036 1384
653 1055 1461
654 1307 1998
655 821 1949
656 1026 1029
657 910 1579
658 1199 1722
659 1489 1749
660 916 1709
661 1109 1997
662 967 1325
663 1089 1552
664 993 1763
665 1209 1252
666 1376 1507
667 1309 1250
668 713 1605
669 1289 1339
670 1482 1722
671 1402 1958
672 1481 1522
673 720 1191
674 697 1994
675 867 1188
676 975 1474
677 1517 1313
678 1418 1077
679 1598 1947
680 1261 1946
681 874 1209
682 1096 1479
683 1280 1399
684 1304 1013
685 687 1852
686 1496 1638
687 764 1124
688 1169 1179
689 1102 1048
690 1356 1442
691 699 1112
692 700 1861
693 1078 1506
694 1198 1006
695 1088 1596
696 1245 1494
697 1050 1678
698 965 1261
699 955 1099
700 1406 1875
701 1285 1054
702 1448 1949
703 1233 1266
704 1128 1259
705 1228 1785
706 887 1399
707 869 1046
708 835 1624
709 1041 1526
710 791 1556
711 1494 1160
712 1522 1620
713 1572 1854
714 942 1641
715 1046 1651
716 1569 1452
717 905 1556
718 1520 1315
719 1313 1244
720 1453 1744
721 1182 1584
722 1350 1987
723 1407 1617
724 1033 1720
725 1516 1399
726 1288 1939
727 1192 1626
728 1166 1352
729 1299 1580
730 1447 1687
731 794 1723
732 909 1924
733 1124 1203
734 1596 1645
735 946 1863
736 1493 1908
737 953 1183
738 1282 1836
739 1519 1118
740 1263 1169
741 1117 1539
742 1538 1696
743 1020 1831
744 1103 1957
745 1597 1830
746 820 1548
747 902 1062
748 1438 1535
749 1243 1741
750 1049 1526
751 1086 1983
752 1053 1108
753 1359 1116
754 1451 1366
755 980 1192
756 810 1398
757 974 1772
758 1312 1990
759 1169 1323
760 1169 1841
761 789 1791
762 1207 1739
763 1438 1673
764 1327 1888
765 1365 1391
766 1280 1786
767 1025 1887
768 803 1356
769 982 1698
770 856 1827
771 790 1828
772 1110 1485
773 1413 1720
774 1295 1705
775 1417 1984
776 1596 1830
777 1376 1162
778 1141 1096
779 1516 1263
780 968 1349
781 1258 1357
782 1462 1693
783 1185 1452
784 1421 1144
785 1057 1125
786 1093 1681
787 859 1013
788 1262 1280
789 1289 1898
790 791 1446
791 1021 1021
792 1486 1417
793 952 1805
794 1196 1975
795 1272 1029
796 1231 1013
797 1060 1036
798 1063 1973
799 920 1025
800 1297 1603
801 1081 1970
802 1268 1021
803 1567 1768
804 1015 1685
805 1578 1833
806 973 1082
807 1327 1974
808 962 1034
809 1340 1874
810 934 1721
811 989 1193
812 1540 1368
813 890 1058
814 1206 1701
815 1456 1035
816 857 1938
817 1426 1575
818 832 1621
819 1000 1943
820 1421 1756
821 1536 1210
822 1361 1882
823 1088 1482
824 1445 1026
825 1161 1245
826 1540 1423
827 1229 1348
828 863 1742
829 1280 1028
830 1475 1065
831 1496 1086
832 1061 1745
833 1580 1661
834 1426 1575
835 1138 1212
836 1195 1311
837 1208 1329
838 1005 1601
839 1212 1226
840 875 1381
841 1337 1331
842 1586 1235
843 910 1825
844 1257 1348
845 1527 1509
846 1548 1864
847 969 1192
848 1121 1813
849 1451 1408
850 1045 1632
851 1165 1348
852 1353 1732
853 890 1810
854 1351 1868
855 1431 1426
856 903 1318
857 1536 1351
858 1026 1967
859 1582 1114
860 1387 1749
861 1001 1554
862 972 1852
863 904 1132
864 1570 1272
865 1075 1818
866 1383 1876
867 1339 1243
868 1116 1301
869 1129 1096
870 1181 1447
871 1590 1094
872 1423 1458
873 1266 1453
874 1286 1495
875 915 1452
876 1026 1181
877 1247 1446
878 1232 1415
879 1128 1164
880 1040 1319
881 1594 1282
882 1247 1690
883 1416 1663
884 1135 1122
885 1280 1708
886 949 1809
887 1389 1076
888 1546 1058
889 1043 1028
890 1123 1221
891 966 1832
892 956 1281
893 1207 1689
894 959 1027
895 1287 1354
896 1261 1965
897 1482 1570
898 1276 1746
899 1351 1516
900 1441 1166
901 917 1529
902 953 1259
903 961 1672
904 976 1934
905 906 1924
906 1116 1927
907 1130 1243
908 1405 1343
909 1478 1606
910 1492 1364
911 1485 1668
912 1095 1896
913 1230 1994
914 1426 1920
915 1115 1685
916 1589 1952
917 1315 1312
918 1045 1132
919 1207 1577
920 1188 1513
921 1488 1197
922 1426 1001
923 1518 1012
924 1197 1093
925 1040 1591
926 1454 1078
927 1132 1566
928 1505 1484
929 970 1902
930 1166 1295
931 1140 1143
932 1544 1420
933 983 1380
934 1010 1431
935 1422 1060
936 1277 1215
937 1168 1557
938 966 1663
939 1282 1592
940 1040 1048
941 1382 1983
942 1054 1300
943 1019 1171
944 1394 1197
945 1443 1075
946 1440 1764
947 1006 1398
948 1507 1742
949 1259 1650
950 1046 1896
951 1414 1269
952 1099 1540
953 1422 1616
954 982 1124
955 1445 1595
956 1119 1714
957 1407 1835
958 1386 1162
959 1306 1232
960 1241 1479
961 1404 1140
962 1312 1458
963 976 1366
964 1390 1226
965 1186 1556
966 1043 1965
967 1405 1399
968 1095 1012
969 1119 1088
970 1426 1124
971 1522 1641
972 999 1929
973 1075 1478
974 1530 1637
975 1329 1361
976 1209 1902
977 1481 1141
978 1284 1030
979 1450 1427
980 1391 1892
981 1250 1200
982 1056 1184
983 1499 1968
984 1028 1011
985 1358 1371
986 1292 1748
987 1255 1373
988 1158 1607
989 1103 1164
990 1225 1761
991 1423 1922
992 1360 1558
993 1471 1858
994 1355 1811
995 1390 1840
996 1271 1504
997 1007 1513
998 1058 1165
999 1232 1618
1000 1116 1221
1001 1136 1596
1002 1425 1048
1003 1026 1972
1004 1061 1034
1005 1015 1809
1006 1347 1233
1007 1398 1847
1008 1126 1428
1009 1282 1240
1010 1215 1766
1011 1311 1882
1012 1372 1274
1013 1225 1460
1014 1563 1177
1015 1459 1498
1016 1392 1334
1017 1512 1120
1018 1228 1059
1019 1102 1482
1020 1319 1565
1021 1457 1402
1022 1218 1697
1023 1509 1395
1024 1517 1690
1025 1204 1754
1026 1487 1267
1027 1492 1749
1028 1545 1670
1029 1157 1035
1030 1588 1735
1031 1432 1875
1032 1404 1707
1033 1370 1081
1034 1287 1570
1035 1455 1691
1036 1258 1571
1037 1123 1106
1038 1408 1863
1039 1433 1603
1040 1132 1901
1041 1356 1261
1042 1164 1477
1043 1321 1589
1044 1200 1248
1045 1571 1061
1046 1528 1836
1047 1375 1395
1048 1074 1750
1049 1219 1397
1050 1229 1392
1051 1250 1123
1052 1156 1098
1053 1397 1957
1054 1082 1540
1055 1272 1859
1056 1443 1929
1057 1531 1339
1058 1597 1392
1059 1597 1781
1060 1264 1996
1061 1197 1587
1062 1206 1372
1063 1544 1316
1064 1230 1516
1065 1598 1527
1066 1124 1570
1067 1102 1117
1068 1356 1405
1069 1578 1919
1070 1493 1006
1071 1438 1687
1072 1452 1699
1073 1399 1898
1074 1130 1249
1075 1532 1514
1076 1337 1183
1077 1502 1226
1078 1094 1946
1079 1417 1763
1080 1257 1650
1081 1304 1380
1082 1179 1499
1083 1582 1654
1084 1590 1687
1085 1210 1405
1086 1317 1025
1087 1464 1138
1088 1574 1877
1089 1491 1829
1090 1155 1939
1091 1479 1960
1092 1229 1995
1093 1563 1447
1094 1491 1042
1095 1529 1900
1096 1102 1898
1097 1444 1879
1098 1498 1688
1099 1223 1930
1100 1530 1166
1101 1446 1802
1102 1368 1857
1103 1562 1857
1104 1261 1597
1105 1188 1593
1106 1583 1092
1107 1240 1227
1108 1142 1701
1109 1330 1661
1110 1525 1609
1111 1404 1450
1112 1267 1105
1113 1182 1076
1114 1155 1612
1115 1559 1901
1116 1535 1109
1117 1293 1058
1118 1403 1336
1119 1506 1696
1120 1358 1765
1121 1469 1017
1122 1177 1749
1123 1420 1023
1124 1311 1769
1125 1571 1297
1126 1469 1867
1127 1164 1219
1128 1594 1932
1129 1371 1631
1130 1511 1140
1131 1275 1874
1132 1417 1280
1133 1544 1794
1134 1538 1109
1135 1440 1411
1136 1234 1834
1137 1219 1857
1138 1267 1884
1139 1408 1503
1140 1450 1972
1141 1228 1942
1142 1238 1771
1143 1493 1249
1144 1340 1661
1145 1599 1021
1146 1451 1771
1147 1251 1662
1148 1420 1210
1149 1466 1781
1150 1389 1650
1151 1490 1390
1152 1494 1441
1153 1209 1629
1154 1593 1045
1155 1410 1368
1156 1313 1168
1157 1536 1064
1158 1447 1517
1159 1331 1857
1160 1204 1482
1161 1516 1633
1162 1184 1910
1163 1543 1485
1164 1494 1249
1165 1171 1935
1166 1303 1315
1167 1542 1332
1168 1243 1036
1169 1331 1497
1170 1350 1539
1171 1444 1902
1172 1222 1539
1173 1320 1579
1174 1451 1887
1175 1391 1487
1176 1281 1333
1177 1552 1479
1178 1434 1712
1179 1187 1139
1180 1425 1896
1181 1528 1380
1182 1481 1829
1183 1223 1906
1184 1462 1393
1185 1510 1490
1186 1469 1811
1187 1259 1501
1188 1542 1255
1189 1222 1387
1190 1522 1570
1191 1359 1438
1192 1511 1060
1193 1455 1148
1194 1489 1742
1195 1373 1268
1196 1249 1451
1197 1452 1281
1198 1589 1739
1199 1549 1300
1200 1370 1451
1201 1573 1771
1202 1528 1184
1203 1371 1904
1204 1209 1785
1205 1558 1477
1206 1342 1269
1207 1561 1587
1208 1309 1521
1209 1244 1370
1210 1329 1428
1211 1264 1731
1212 1389 1894
1213 1496 1193
1214 1541 1610
1215 1513 1398
1216 1490 1093
1217 1413 1185
1218 1590 1023
1219 1337 1916
1220 1538 1342
1221 1434 1700
1222 1264 1137
1223 1317 1403
1224 1497 1082
1225 1595 1183
1226 1569 1157
1227 1236 1301
1228 1489 1301
1229 1487 1368
1230 1507 1942
1231 1274 1315
1232 1552 1805
1233 1337 1967
1234 1258 1443
1235 1434 1013
1236 1286 1424
1237 1293 1525
1238 1388 1933
1239 1365 1711
1240 1381 1002
1241 1249 1703
1242 1409 1230
1243 1283 1286
1244 1461 1916
1245 1378 1467
1246 1319 1770
1247 1581 1800
1248 1256 1309
1249 1333 1209
1250 1288 1441
1251 1467 1311
1252 1597 1637
1253 1312 1459
1254 1353 1635
1255 1311 1230
1256 1454 1372
1257 1449 1436
1258 1385 1914
1259 1377 1890
1260 1431 1575
1261 1267 1277
1262 1342 1051
1263 1580 1937
1264 1484 1907
1265 1310 1955
1266 1378 1388
1267 1503 1662
1268 1484 1360
1269 1369 1985
1270 1543 1823
1271 1472 1378
1272 1376 1254
1273 1359 1268
1274 1281 1429
1275 1569 1260
1276 1462 1434
1277 1385 1602
1278 1346 1668
1279 1591 1178
1280 1562 1218
1281 1495 1105
1282 1428 1369
1283 1442 1053
1284 1320 1748
1285 1420 1694
1286 1352 1646
1287 1294 1449
1288 1410 1595
1289 1320 1331
1290 1521 1908
1291 1489 1641
1292 1341 1346
1293 1321 1510
1294 1519 1225
1295 1398 1623
1296 1354 1734
1297 1525 1784
1298 1429 1756
1299 1355 1193
1300 1430 1887
1301 1528 1803
1302 1313 1427
1303 1579 1229
1304 1328 1815
1305 1592 1547
1306 1573 1227
1307 1506 1901
1308 1475 1833
1309 1569 1470
1310 1356 1112
1311 1509 1275
1312 1485 1834
1313 1451 1683
1314 1589 1272
1315 1536 1806
1316 1373 1860
1317 1333 1182
1318 1425 1515
1319 1481 1978
1320 1338 1117
1321 1579 1171
1322 1481 1438
1323 1405 1426
1324 1561 1888
1325 1574 1864
1326 1536 1147
1327 1540 1913
1328 1485 1981
1329 1360 1290
1330 1342 1650
1331 1495 1320
1332 1577 1031
1333 1411 1872
1334 1461 1009
1335 1357 1732
1336 1344 1009
1337 1444 1671
1338 1479 1686
1339 1533 1358
1340 1385 1271
1341 1368 1458
1342 1569 1004
1343 1420 1078
1344 1528 1015
1345 1590 1401
1346 1362 1941
1347 1549 1793
1348 1415 1315
1349 1597 1573
1350 1390 1222
1351 1360 1484
1352 1440 1755
1353 1435 1343
1354 1588 1680
1355 1383 1328
1356 1366 1157
1357 1565 1422
1358 1497 1946
1359 1452 1990
1360 1521 1055
1361 1375 1943
1362 1501 1322
1363 1401 1586
1364 1373 1880
1365 1383 1221
1366 1512 1771
1367 1389 1666
1368 1379 1628
1369 1405 1360
1370 1579 1838
1371 1490 1342
1372 1515 1695
1373 1430 1231
1374 1553 1003
1375 1445 1943
1376 1551 1710
1377 1596 1208
1378 1380 1686
1379 1461 1161
1380 1553 1539
1381 1511 1076
1382 1575 1132
1383 1592 1339
1384 1470 1064
1385 1581 1798
1386 1510 1061
1387 1570 1331
1388 1586 1688
1389 1574 1594
1390 1441 1929
1391 1473 1060
1392 1574 1722
1393 1536 1864
1394 1410 1469
1395 1490 1865
1396 1565 1047
1397 1504 1471
1398 1439 1485
1399 1501 1081
1400 1462 1321
1401 1575 1204
1402 1481 1233
1403 1419 1683
1404 1453 1876
1405 1594 1803
1406 1539 1922
1407 1526 1041
1408 1409 1727
1409 1521 1458
1410 1587 1859
1411 1465 1958
1412 1537 1377
1413 1447 1450
1414 1482 1402
1415 1433 1345
1416 1579 1350
1417 1503 1671
1418 1451 1598
1419 1535 1746
1420 1554 1480
1421 1600 1421
1422 1473 1856
1423 1522 1106
1424 1534 1144
1425 1522 1763
1426 1515 1364
1427 1518 1116
1428 1489 1628
1429 1435 1009
1430 1432 1583
1431 1542 1104
1432 1594 1624
1433 1482 1491
1434 1481 1096
1435 1547 1724
1436 1544 1816
1437 1530 1525
1438 1541 1264
1439 1451 1739
1440 1498 1249
1441 1479 1134
1442 1518 1028
1443 1567 1648
1444 1467 1165
1445 1484 1391
1446 1489 1743
1447 1534 1953
1448 1517 1677
1449 1451 1795
1450 1542 1314
1451 1544 1622
1452 1481 1822
1453 1475 1982
1454 1516 1486
1455 1597 1208
1456 1475 1551
1457 1525 1008
1458 1590 1342
1459 1579 1316
1460 1560 1927
1461 1478 1801
1462 1488 1976
1463 1577 1048
1464 1536 1713
1465 1590 1428
1466 1528 1418
1467 1548 1802
1468 1573 1904
1469 1504 1766
1470 1578 1966
1471 1520 1774
1472 1591 1165
1473 1553 1597
1474 1538 1288
1475 1550 1638
1476 1528 1726
1477 1562 1355
1478 1576 1484
1479 1531 1145
1480 1484 1262
1481 1496 1969
1482 1506 1690
1483 1589 1190
1484 1558 1202
1485 1512 1230
1486 1507 1556
1487 1586 1376
1488 1576 1383
1489 1497 1888
1490 1597 1364
1491 1499 1137
1492 1595 1127
1493 1503 1744
1494 1517 1088
1495 1594 1992
1496 1560 1411
1497 1508 1232
1498 1595 1632
1499 1564 1677
1500 1576 1767
1501 1559 1317
1502 1572 1596
1503 1589 1418
1504 1567 1538
1505 1560 1902
1506 1575 1512
1507 1591 1129
1508 1553 1493
1509 1541 1013
1510 1511 1585
1511 1573 1602
1512 1588 1521
1513 1574 1795
1514 1519 1150
1515 1548 1987
1516 1591 1707
1517 1553 1253
1518 1583 1962
1519 1555 1808
1520 1555 1578
1521 1535 1379
1522 1558 1318
1523 1531 1002
1524 1547 1917
1525 1560 1933
1526 1541 1505
1527 1534 1985
1528 1571 1590
1529 1554 1942
1530 1592 1897
1531 1581 1877
1532 1543 1995
1533 1587 1995
1534 1557 1169
1535 1552 1022
1536 1550 1121
1537 1551 1426
1538 1574 1227
1539 1540 1969
1540 1567 1185
1541 1597 1381
1542 1559 1861
1543 1599 1475
1544 1562 1990
1545 1589 1062
1546 1578 1982
1547 1555 1365
1548 1555 1058
1549 1600 1522
1550 1560 1095
1551 1559 1256
1552 1559 1526
1553 1573 1472
1554 1567 1107
1555 1593 1296
1556 1574 1928
1557 1563 1185
1558 1583 1766
1559 1588 1287
1560 1591 1089
1561 1584 1318
1562 1593 1016
1563 1576 1760
1564 1594 1111
1565 1569 1107
1566 1575 1619
1567 1588 1323
1568 1592 1516
1569 1581 1679
1570 1582 1839
1571 1588 1899
1572 1589 1505
1573 1597 1075
1574 1590 1065
1575 1582 1751
1576 1587 1596
1577 1590 1601
1578 1581 1436
1579 1594 1195
1580 1583 1650
1581 1591 1030
1582 1589 1440
1583 1594 1742
1584 1597 1043
1585 1599 1601
1586 1599 1982
1587 1588 1582
1588 1599 1722
1589 1593 1930
1590 1593 1305
1591 1598 1837
1592 1593 1954
1593 1600 1843
1594 1595 1598
1595 1598 1127
1596 1600 1865
1597 1600 1738
1598 1600 1656
1599 1600 1180
0 1 1754
1 2 1517
0 3 1366
0 4 1875
3 5 1498
3 6 1124
2 7 1000
2 8 1475
6 9 1494
9 10 1223
4 11 1886
11 12 1609
8 13 1177
8 14 1888
5 15 1595
8 16 1394
4 17 1763
4 18 1369
11 19 1346
18 20 1903
15 21 1365
1 22 1800
3 23 1296
23 24 1411
24 25 1425
20 26 1868
22 27 1894
22 28 1537
12 29 1421
15 30 1895
9 31 1670
18 32 1376
18 33 1998
16 34 1427
4 35 1699
20 36 1977
32 37 1063
14 38 1887
20 39 1291
18 40 1693
21 41 1313
39 42 1906
10 43 1958
34 44 1849
25 45 1866
37 46 1780
21 47 1301
33 48 1691
4 49 1288
8 50 1281
31 51 1277
15 52 1804
10 53 1405
53 54 1287
35 55 1788
13 56 1685
52 57 1010
36 58 1700
10 59 1608
46 60 1308
32 61 1069
34 62 1915
14 63 1029
22 65 1854
55 66 1877
41 67 1037
64 68 1229
45 69 1420
68 70 1314
24 71 1322
20 72 1919
58 73 1136
28 74 1407
69 75 1207
6 76 1394
1 77 1854
34 78 1274
54 79 1087
59 80 1632
9 81 1093
47 82 1984
29 83 1005
79 84 1254
83 85 1917
8 86 1523
60 87 1757
26 88 1248
71 89 1425
87 90 1382
0 91 1072
61 92 1415
69 93 1684
61 95 1068
60 96 1462
5 97 1092
41 98 1181
51 99 1286
10 100 1243
59 102 1292
34 103 1044
74 104 1100
49 105 1276
72 107 1643
38 108 1316
95 109 1016
28 110 1097
1 111 1315
18 112 1593
105 113 1824
95 114 1378
42 115 1468
77 117 1329
23 118 1403
102 119 1660
4 120 1155
75 121 1037
45 122 1504
55 123 1587
69 124 1021
112 125 1334
50 126 1284
10 127 1879
115 128 1722
100 129 1338
33 130 1242
43 131 1225
108 133 1732
49 134 1030
27 136 1754
111 137 1148
85 138 1055
62 139 1379
73 140 1420
126 141 1046
43 142 1968
79 143 1827
14 144 1188
54 145 1390
42 146 1200
30 147 1018
45 148 1973
130 149 1909
68 150 1112
92 151 1031
146 152 1032
112 153 1207
139 154 1260
0 155 1498
46 156 1284
78 157 1497
17 158 1130
81 159 1173
71 160 1716
124 162 1258
53 163 1890
54 164 1365
103 165 1054
67 166 1236
28 167 1797
75 168 1832
109 170 1096
16 172 1201
128 173 1999
93 174 1871
161 175 1771
158 176 1392
13 178 1414
65 179 1162
165 180 1314
74 181 1351
157 182 1010
50 184 1056
166 185 1065
18 186 1400
43 187 1445
123 189 1614
110 190 1416
7 191 1566
53 192 1955
104 193 1637
163 194 1038
168 195 1662
164 196 1480
183 197 1270
122 198 1752
174 199 1817
0 200 1518
170 201 1094
116 202 1745
83 203 1278
52 204 1654
101 205 1460
160 206 1649
2 207 1538
153 209 1140
60 210 1160
101 211 1625
143 212 1577
91 214 1237
99 215 1516
202 217 1579
208 218 1555
91 219 1401
62 220 1052
169 221 1043
142 223 1186
94 224 1043
36 225 1295
56 226 1242
30 227 1240
91 228 1582
198 230 1397
50 231 1647
50 232 1811
206 233 1263
80 234 1296
187 235 1910
210 236 1075
197 237 1647
26 238 1677
234 239 1619
6 240 1728
78 241 1832
156 242 1002
79 243 1101
111 244 1942
155 245 1925
202 246 1375
45 248 1765
238 249 1394
59 250 1116
70 251 1775
95 252 1854
141 253 1259
93 254 1204
137 255 1878
39 256 1076
48 257 1524
78 258 1153
201 259 1554
136 260 1639
95 261 1614
133 262 1085
125 263 1259
10 264 1495
128 265 1808
120 268 1926
195 269 1140
93 270 1335
211 271 1929
218 272 1685
131 275 1666
187 276 1355
250 278 1729
101 282 1738
18 283 1673
201 284 1307
131 285 1365
87 286 1042
110 287 1692
63 289 1832
114 290 1434
184 291 1163
113 292 1196
188 293 1028
164 294 1199
291 296 1636
11 297 1013
135 298 1148
12 299 1213
70 300 1048
93 301 1566
18 302 1383
135 304 1344
293 305 1225
255 306 1375
252 308 1517
10 309 1036
258 311 1462
162 312 1210
40 314 1810
211 315 1210
44 317 1615
197 318 1780
315 319 1530
59 321 1802
82 322 1477
266 326 1770
13 327 1892
258 328 1121
155 329 1733
71 331 1806
249 332 1834
47 333 1346
310 334 1083
47 335 1170
204 336 1076
19 338 1078
86 339 1897
92 340 1018
238 342 1506
107 343 1022
79 344 1711
119 345 1491
30 346 1313
23 347 1237
78 348 1098
344 351 1672
147 352 1530
208 353 1344
87 354 1495
184 355 1593
22 358 1760
259 359 1623
176 360 1158
112 361 1363
101 362 1992
256 363 1603
183 364 1041
312 365 1997
174 366 1592
64 367 1464
29 368 1884
98 369 1502
98 370 1922
217 372 1170
147 373 1652
294 374 1018
194 377 1216
232 378 1785
107 379 1146
376 380 1788
146 382 1079
296 384 1190
263 385 1127
92 386 1139
270 387 1182
32 388 1470
51 389 1287
204 390 1111
119 391 1285
16 392 1308
224 393 1744
311 394 1074
171 395 1976
350 396 1888
36 397 1914
243 399 1216
59 400 1964
39 401 1060
164 402 1653
161 403 1353
223 405 1974
369 406 1666
252 408 1760
250 409 1764
93 410 1672
102 411 1825
345 412 1054
386 413 1396
233 414 1150
148 415 1168
166 416 1040
417 418 1964
266 421 1098
313 422 1087
403 423 1144
419 424 1724
336 425 1781
356 426 1586
174 429 1393
78 430 1371
41 432 1199
398 433 1703
360 434 1698
321 435 1116
100 437 1203
424 439 1740
347 440 1178
17 441 1339
69 442 1246
147 443 1844
103 445 1786
73 446 1879
133 447 1015
300 448 1425
307 449 1568
326 450 1519
30 451 1038
51 454 1864
29 455 1184
397 456 1799
6 458 1990
329 459 1074
286 460 1178
354 461 1306
254 462 1988
321 464 1423
70 465 1473
408 466 1950
265 467 1615
362 468 1538
147 470 1120
46 472 1877
120 473 1064
384 474 1241
57 475 1788
98 476 1760
62 477 1745
195 478 1012
282 479 1078
396 481 1180
206 482 1792
305 483 1739
442 484 1680
95 485 1718
107 486 1586
285 487 1458
61 488 1773
383 489 1520
275 491 1506
472 494 1599
213 495 1811
426 497 1556
370 501 1793
87 504 1247
122 506 1354
255 507 1869
271 508 1869
282 509 1790
7 510 1491
33 511 1411
26 512 1668
14 513 1270
419 514 1627
194 515 1309
8 517 1303
219 518 1276
211 519 1943
443 522 1134
231 524 1818
136 525 1048
312 526 1752
250 527 1554
162 528 1080
250 529 1051
297 530 1830
370 532 1799
504 533 1968
245 535 1448
510 536 1078
38 538 1615
496 539 1821
242 542 1917
184 545 1110
344 546 1450
123 548 1895
29 551 1137
221 552 1693
458 553 1262
453 555 1268
386 556 1405
227 557 1062
355 561 1137
501 562 1435
537 564 1173
45 566 1387
422 571 1858
549 573 1269
451 574 1246
490 575 1291
217 576 1173
424 577 1981
293 578 1663
287 579 1414
521 581 1830
207 582 1814
469 583 1569
165 585 1037
261 586 1610
541 587 1697
478 588 1993
338 589 1325
491 590 1395
2 591 1022
356 593 1235
292 595 1946
557 596 1834
237 598 1271
257 600 1782
383 602 1974
130 604 1405
305 605 1746
373 607 1820
561 608 1513
17 609 1064
349 610 1573
255 613 1200
120 615 1119
125 616 1157
481 618 1858
502 620 1967
495 621 1831
258 622 1550
319 624 1018
555 627 1386
26 628 1656
50 629 1855
447 630 1236
53 635 1032
433 637 1365
377 638 1054
148 642 1660
282 644 1838
302 645 1591
235 647 1757
493 651 1638
354 653 1896
101 654 1527
441 655 1892
588 656 1106
11 659 1038
444 660 1531
255 661 1793
15 663 1839
396 664 1082
502 665 1524
97 667 1817
65 671 1754
436 674 1902
200 678 1768
378 679 1470
280 680 1149
92 682 1905
208 683 1724
604 684 1976
554 685 1843
229 686 1240
40 688 1696
398 689 1022
397 693 1583
482 698 1502
576 701 1717
25 704 1812
171 707 1826
39 708 1710
656 709 1215
462 710 1964
624 711 1900
225 716 1541
219 717 1268
361 722 1111
246 723 1568
579 724 1235
126 725 1212
53 726 1195
88 728 1802
290 730 1032
430 731 1097
466 734 1052
657 737 1193
240 738 1497
120 739 1614
374 740 1684
39 741 1383
99 743 1578
236 744 1026
45 747 1605
13 751 1310
522 754 1866
382 756 1548
54 757 1483
139 758 1938
27 760 1948
300 762 1621
649 766 1668
275 767 1347
135 768 1202
629 770 1179
669 773 1385
17 776 1465
301 777 1034
57 779 1570
171 780 1428
100 781 1312
496 783 1035
191 784 1354
237 785 1386
115 786 1028
263 788 1934
174 796 1502
701 797 1304
265 799 1627
47 800 1598
546 801 1073
655 802 1384
350 806 1775
183 807 1122
518 808 1800
224 809 1154
375 812 1131
140 814 1016
558 817 1636
302 818 1925
513 819 1451
557 822 1913
204 823 1983
789 824 1933
733 825 1334
187 826 1250
7 827 1195
479 828 1788
117 829 1749
103 830 1710
438 833 1856
139 834 1931
499 838 1027
52 839 1158
825 840 1317
336 841 1375
641 842 1428
799 844 1891
614 848 1724
507 849 1622
430 852 1312
780 858 1464
847 860 1632
799 861 1017
666 865 1079
809 870 1058
527 872 1143
644 876 1194
682 878 1627
93 882 1961
799 884 1665
689 885 1261
353 891 1067
526 894 1454
164 897 1337
821 899 1712
297 900 1268
234 901 1189
505 908 1921
413 911 1140
237 912 1176
320 913 1722
152 918 1879
358 919 1067
639 922 1704
660 924 1421
228 925 1525
227 926 1610
875 927 1507
746 928 1768
21 931 1346
539 932 1830
483 933 1935
462 935 1085
490 938 1235
610 939 1792
80 944 1516
349 950 1730
125 951 1414
403 954 1387
422 960 1110
196 971 1814
174 978 1939
236 979 1986
439 984 1985
391 985 1747
481 986 1483
30 987 1204
877 988 1004
307 990 1948
268 992 1027
65 995 1434
960 996 1337
948 997 1518
377 998 1527
519 1002 1229
933 1003 1824
73 1004 1688
212 1009 1233
339 1011 1674
523 1012 1977
8 1013 1668
134 1014 1761
3 1018 1983
665 1022 1681
861 1023 1309
905 1027 1283
938 1029 1021
142 1031 1521
690 1034 1249
986 1035 1678
154 1047 1950
848 1048 1811
627 1051 1703
856 1052 1001
118 1059 1045
914 1062 1446
962 1065 1847
576 1070 1158
661 1071 1682
654 1072 1767
627 1073 1038
690 1077 1017
816 1079 1069
975 1083 1064
660 1084 1305
1037 1087 1008
88 1092 1136
588 1097 1747
772 1100 1326
811 1104 1393
788 1105 1728
948 1108 1117
621 1112 1328
9 1114 1936
454 1118 1514
655 1122 1021
919 1125 1818
1026 1127 1192
104 1131 1135
301 1133 1732
798 1134 1168
1054 1145 1519
617 1147 1722
403 1148 1796
38 1149 1323
281 1150 1300
1145 1151 1606
454 1153 1370
1043 1154 1067
802 1159 1250
1054 1160 1322
1132 1162 1573
330 1163 1572
651 1167 1940
1082 1170 1743
265 1174 1470
105 1175 1412
1008 1178 1481
578 1180 1246
165 1189 1313
1156 1193 1744
632 1194 1599
1009 1201 1323
613 1211 1344
72 1214 1532
955 1217 1688
1070 1221 1159
617 1224 1252
25 1226 1418
714 1227 1626
454 1235 1263
1004 1237 1429
771 1239 1135
1099 1242 1304
232 1246 1800
94 1248 1950
581 1253 1531
1098 1254 1244
772 1265 1860
1057 1270 1020
1257 1273 1263
1153 1278 1647
1212 1279 1411
241 1290 1046
414 1296 1726
537 1305 1732
199 1308 1357
1271 1314 1787
297 1316 1574
617 1323 1770
645 1324 1308
691 1325 1520
811 1332 1910
844 1334 1121
226 1363 1373
402 1364 1858
661 1367 1327
165 1384 1033
1386 1395 1981
869 1400 1166
1161 1412 1141
642 1437 1824
28 1460 1365
805 1468 1893
349 1477 1741
1390 1480 1770
323 1500 1839
13 1514 1835
1314 1524 1830
785 1556 1632
81 1568 1512
1362 1585 1821
