0 418 1595
1 2995 1035
2 765 1352
3 2848 1462
4 331 1908
5 1537 1195
6 443 1488
7 108 1808
8 2958 1084
9 1721 1097
10 13 1160
11 3052 1264
12 549 1451
13 1986 1271
14 717 1815
15 932 1652
16 2133 1631
17 86 1074
18 1097 1461
19 2121 1920
20 1720 1684
21 3110 1800
22 1509 1863
23 2147 1518
24 2214 1085
25 1235 1546
26 3029 1426
27 1638 1461
28 2467 1995
29 3198 1236
30 2287 1525
31 1753 1012
32 1363 1242
33 281 1290
34 2922 1137
35 46 1773
36 983 1209
37 1071 1667
38 2303 1002
39 775 1469
40 1198 1823
41 911 1295
42 1951 1756
43 2626 1808
44 1131 1689
45 2577 1842
46 2608 1184
47 656 1031
48 2949 1769
49 1614 1584
50 3189 1126
51 407 1371
52 601 1381
53 312 1441
54 1355 1587
55 1422 1144
56 3145 1487
57 1736 1548
58 2691 1226
59 1474 1709
60 1499 1281
61 1698 1389
62 172 1692
63 1004 1216
64 2589 1543
65 268 1824
66 2037 1162
67 1859 1933
68 2343 1358
69 1686 1229
70 844 1647
71 594 1133
72 2293 1481
73 2482 1836
74 447 1384
75 2754 1888
76 1704 1520
77 1773 1312
78 564 1557
79 2998 1565
80 2398 1392
81 1508 1014
82 1550 1935
83 2171 1407
84 1698 1600
85 1555 1740
86 164 1282
87 2421 1431
88 1032 1975
89 1178 1476
90 1972 1810
91 551 1262
92 1715 1185
93 1062 1072
94 2541 1015
95 1543 1994
96 1846 1873
97 2188 1837
98 900 1042
99 1911 1453
100 1297 1390
101 1406 1314
102 321 1863
103 1222 1875
104 255 1512
105 2978 1200
106 371 1891
107 1292 1033
108 2868 1265
109 2102 1905
110 2701 1998
111 2628 1161
112 132 1109
113 1078 1306
114 806 1464
115 1440 1227
116 1251 1836
117 1848 1803
118 1315 1348
119 148 1931
120 3114 1597
121 2000 1379
122 3006 1881
123 2843 1559
124 2445 1819
125 1588 1574
126 834 1309
127 1720 1455
128 205 1601
129 3097 1433
130 3088 1123
131 2380 1013
132 1282 1287
133 1047 1050
134 2318 1948
135 847 1269
136 3136 1524
137 256 1666
138 3148 1111
139 2942 1731
140 622 1467
141 2792 1748
142 1600 1538
143 631 1369
144 1264 1160
145 934 1877
146 2704 1336
147 1693 1584
148 690 1522
149 2953 1627
150 193 1914
151 2915 1571
152 912 1536
153 1356 1224
154 2989 1080
155 3063 1241
156 306 1382
157 1371 1782
158 322 1936
159 2505 1794
160 1616 1351
161 2035 1747
162 196 1282
163 618 1647
164 1815 1065
165 189 1412
166 2475 1204
167 1548 1187
168 765 1230
169 1562 1138
170 2574 1113
171 2585 1958
172 834 1791
173 1660 1666
174 1967 1738
175 2591 1654
176 1971 1889
177 2067 1134
178 2271 1071
179 2383 1781
180 1382 1681
181 1996 1063
182 609 1268
183 2227 1432
184 1551 1993
185 869 1356
186 2711 1239
187 1943 1124
188 1414 1043
189 2591 1074
190 1736 1341
191 2000 1401
192 611 1642
193 602 1155
194 2007 1826
195 1045 1296
196 3012 1174
197 1592 1105
198 1426 1360
199 1153 1558
200 836 1326
201 362 1698
202 1270 1340
203 1325 1081
204 1006 1829
205 2680 1290
206 220 1974
207 828 1847
208 1548 1495
209 573 1614
210 1358 1606
211 817 1980
212 2024 1722
213 2948 1149
214 668 1202
215 2016 1786
216 2020 1216
217 1780 1271
218 1185 1069
219 1311 1216
220 1372 1673
221 1676 1295
222 2172 1279
223 585 1381
224 2333 1739
225 1743 1987
226 2328 1225
227 1192 1883
228 2861 1340
229 600 1832
230 2071 1655
231 1122 1110
232 2123 1323
233 255 1192
234 1745 1030
235 996 1212
236 2669 1524
237 1218 1493
238 2678 1933
239 1700 1941
240 839 1571
241 1796 1621
242 2872 1317
243 903 1834
244 2518 1101
245 849 1486
246 537 1675
247 344 1120
248 254 1332
249 2647 1952
250 2286 1947
251 2033 1108
252 1504 1609
253 1286 1832
254 1367 1580
255 965 1141
256 856 1058
257 2000 1497
258 629 1128
259 639 1038
260 2861 1443
261 1654 1410
262 2826 1562
263 1425 1067
264 2942 1366
265 361 1612
266 890 1879
267 2005 1529
268 2045 1805
269 2989 1211
270 2579 1208
271 1834 1608
272 2071 1436
273 1192 1130
274 2542 1604
275 2332 1458
276 811 1937
277 631 1809
278 1523 1336
279 1141 1467
280 2231 1318
281 2751 1472
282 1939 1776
283 987 1984
284 3188 1859
285 2962 1467
286 1225 1436
287 1570 1842
288 2222 1894
289 1695 1405
290 304 1630
291 604 1290
292 1104 1892
293 2297 1159
294 1048 1808
295 2296 1716
296 1601 1071
297 2816 1272
298 2793 1185
299 2828 1558
300 577 1127
301 2897 1107
302 537 1134
303 1270 1279
304 2746 1203
305 473 1070
306 1438 1498
307 785 1402
308 371 1671
309 2022 1535
310 2124 1600
311 2810 1658
312 2482 1469
313 2629 1391
314 856 1245
315 2108 1429
316 2637 1278
317 2138 1216
318 747 1761
319 1886 1348
320 2115 1895
321 1211 1752
322 1314 1404
323 1135 1326
324 3194 1727
325 3112 1838
326 2068 1331
327 1586 1578
328 1455 1573
329 1028 1593
330 2820 1137
331 3002 1619
332 1593 1340
333 2830 1574
334 542 1800
335 1182 1435
336 2043 1528
337 2472 1344
338 2841 1776
339 2238 1979
340 2762 1631
341 1959 1159
342 1630 1756
343 1387 1958
344 1763 1322
345 2832 1292
346 2698 1514
347 1792 1851
348 547 1419
349 2412 1072
350 835 1289
351 1847 1554
352 632 1727
353 2148 1258
354 1619 1146
355 2936 1355
356 1733 1355
357 1037 1568
358 1710 1952
359 2419 1852
360 945 1249
361 2693 1114
362 3148 1738
363 1688 1585
364 1709 1641
365 2188 1164
366 369 1358
367 1611 1508
368 915 1850
369 867 1882
370 1080 1333
371 1092 1772
372 1276 1384
373 1688 1571
374 3173 1220
375 1154 1015
376 3118 1357
377 2712 1064
378 2548 1054
379 1742 1930
380 3117 1474
381 2150 1603
382 1713 1412
383 1994 1221
384 822 1364
385 602 1595
386 3165 1935
387 916 1137
388 3067 1593
389 2567 1588
390 969 1386
391 1803 1707
392 2138 1234
393 2819 1857
394 1049 1618
395 551 1256
396 3120 1033
397 2063 1820
398 2448 1671
399 1507 1401
400 1921 1730
401 2860 1241
402 461 1474
403 924 1246
404 875 1019
405 1187 1680
406 856 1703
407 2069 1556
408 538 1797
409 549 1442
410 2315 1754
411 2718 1865
412 1223 1242
413 1346 1281
414 893 1459
415 2731 1124
416 3021 1527
417 2877 1386
418 951 1452
419 1139 1279
420 927 1225
421 2694 1059
422 1666 1271
423 1774 1903
424 1128 1913
425 1359 1103
426 1375 1074
427 2269 1184
428 2721 1098
429 2108 1782
430 3139 1284
431 2478 1810
432 2060 1207
433 1986 1432
434 3093 1463
435 2199 1265
436 1321 1319
437 3142 1265
438 2000 1054
439 1492 1870
440 1039 1491
441 1775 1579
442 2570 1582
443 1105 1185
444 2143 1308
445 2939 1553
446 1632 1646
447 1266 1008
448 1149 1559
449 1966 1951
450 662 1512
451 1380 1390
452 1781 1162
453 631 1533
454 1011 1295
455 1459 1903
456 1991 1670
457 2080 1939
458 2040 1121
459 2338 1224
460 689 1220
461 861 1700
462 2416 1357
463 3006 1273
464 1563 1554
465 1813 1045
466 772 1339
467 1437 1284
468 2392 1981
469 2587 1716
470 1055 1952
471 2516 1325
472 562 1126
473 2022 1411
474 1331 1273
475 1662 1985
476 510 1831
477 1265 1292
478 1747 1996
479 1373 1561
480 1243 1629
481 2987 1964
482 1522 1108
483 1185 1142
484 1375 1885
485 1384 1393
486 1295 1580
487 1368 1788
488 1409 1256
489 1205 1558
490 717 1944
491 2936 1536
492 2392 1897
493 3024 1892
494 2400 1401
495 2099 1716
496 1359 1923
497 1253 1600
498 1797 1943
499 2809 1640
500 2073 1557
501 1845 1354
502 2723 1462
503 1771 1672
504 2547 1696
505 610 1289
506 2431 1060
507 2878 1506
508 1930 1901
509 709 1449
510 2815 1006
511 2886 1654
512 529 1488
513 2230 1239
514 1757 1824
515 1412 1710
516 2618 1074
517 2851 1096
518 2169 1508
519 2799 1669
520 933 1960
521 2200 1928
522 1125 1183
523 2055 1074
524 979 1183
525 964 1455
526 2670 1393
527 2386 1572
528 1299 1569
529 738 1450
530 2871 1851
531 1194 1324
532 2635 1846
533 660 1058
534 2058 1664
535 3123 1800
536 2762 1830
537 572 1638
538 2016 1942
539 1123 1844
540 2027 1739
541 1677 1569
542 2004 1036
543 988 1680
544 1757 1442
545 1006 1216
546 1166 1347
547 2901 1551
548 1942 1280
549 1034 1378
550 628 1287
551 779 1483
552 2859 1094
553 3192 1616
554 2244 1557
555 2450 1588
556 2030 1422
557 1996 1996
558 2213 1092
559 2009 1912
560 1956 1917
561 2300 1355
562 685 1334
563 2409 1097
564 1469 1961
565 2784 1757
566 885 1381
567 1329 1396
568 1913 1387
569 3018 1113
570 1492 1592
571 2593 1406
572 1996 1348
573 2482 1028
574 2730 1261
575 1755 1319
576 2988 1984
577 2483 1704
578 944 1006
579 934 1128
580 1287 1567
581 1323 1430
582 957 1606
583 1080 1750
584 2354 1153
585 598 1991
586 1652 1923
587 2187 1702
588 2063 1223
589 3135 1452
590 1055 1867
591 1704 1329
592 837 1775
593 2372 1211
594 704 1417
595 2619 1679
596 1364 1598
597 3138 1826
598 1820 1582
599 3195 1693
600 1696 1477
601 2750 1915
602 3062 1986
603 2188 1097
604 855 1830
605 3065 1369
606 701 1482
607 2418 1754
608 930 1301
609 2021 1407
610 3184 1217
611 894 1754
612 1667 1177
613 2837 1285
614 725 1425
615 1018 1669
616 1250 1370
617 1624 1164
618 2646 1776
619 3076 1097
620 1396 1066
621 2786 1166
622 2867 1246
623 2390 1598
624 903 1758
625 1384 1745
626 1062 1307
627 1202 1445
628 724 1332
629 1920 1163
630 669 1283
631 2115 1899
632 2464 1300
633 639 1236
634 2512 1947
635 1930 1948
636 3093 1449
637 973 1665
638 1036 1251
639 1531 1970
640 1511 1727
641 996 1492
642 2601 1787
643 2309 1197
644 2485 1988
645 2860 1055
646 2039 1752
647 1697 1761
648 3020 1344
649 903 1016
650 768 1838
651 2590 1997
652 1719 1991
653 1446 1068
654 1938 1564
655 1003 1792
656 1851 1331
657 2650 1422
658 1458 1629
659 1037 1092
660 863 1604
661 2164 1053
662 3122 1827
663 2160 1061
664 2319 1466
665 2589 1100
666 2456 1956
667 2695 1832
668 2391 1598
669 2942 1379
670 713 1559
671 2065 1030
672 1457 1663
673 2736 1129
674 2282 1837
675 2987 1048
676 1752 1248
677 1708 1251
678 1218 1554
679 2771 1842
680 2279 1180
681 1644 1371
682 1012 1970
683 2707 1994
684 2154 1493
685 2559 1275
686 1983 1342
687 1161 1951
688 2522 1869
689 1113 1665
690 2005 1031
691 2123 1156
692 1180 1541
693 1108 1667
694 1306 1911
695 717 1732
696 1299 1700
697 880 1282
698 2458 1460
699 1744 1861
700 1918 1621
701 1412 1552
702 1202 1735
703 2709 1255
704 881 1268
705 3017 1043
706 2997 1630
707 2046 1396
708 1425 1271
709 2777 1442
710 3048 1823
711 3182 1783
712 761 1942
713 2597 1140
714 771 1647
715 2311 1599
716 1089 1036
717 1234 1214
718 1279 1108
719 2164 1186
720 3127 1414
721 1461 1643
722 966 1296
723 1204 1500
724 2287 1880
725 2302 1211
726 2155 1686
727 970 1952
728 2507 1589
729 2400 1214
730 1349 1453
731 2785 1331
732 1778 1550
733 1311 1896
734 2877 1306
735 1484 1381
736 1090 1903
737 2384 1125
738 3077 1727
739 2693 1832
740 2748 1335
741 2044 1451
742 2698 1201
743 1755 1369
744 2356 1205
745 2820 1324
746 1905 1451
747 2874 1892
748 2246 1718
749 1914 1579
750 775 1245
751 1150 1474
752 2136 1963
753 1230 1556
754 1817 1721
755 1218 1717
756 2757 1149
757 2181 1246
758 924 1722
759 1482 1144
760 1979 1811
761 1134 1546
762 2041 1420
763 1818 1945
764 1681 1216
765 1359 1338
766 1702 1129
767 1976 1151
768 1107 1943
769 2019 1212
770 846 1232
771 2976 1838
772 1872 1504
773 3107 1191
774 2907 1621
775 1401 1824
776 1102 1394
777 2440 1683
778 843 1494
779 1460 1307
780 1088 1600
781 834 1330
782 2486 1754
783 1440 1823
784 2599 1351
785 1140 1299
786 2830 1049
787 2635 1734
788 993 1467
789 3137 1555
790 3158 1168
791 2530 1868
792 2091 1703
793 1392 1867
794 1728 1044
795 1692 1175
796 1853 1108
797 1168 1759
798 1581 1724
799 1675 1414
800 2973 1101
801 2084 1227
802 3131 1120
803 1973 1371
804 1090 1411
805 1296 1982
806 2851 1062
807 1287 1899
808 2963 1213
809 1633 1856
810 2075 1969
811 2584 1098
812 1666 1669
813 2752 1893
814 1112 1458
815 2782 1056
816 1479 1656
817 1319 1577
818 2884 1433
819 2699 1745
820 942 1667
821 1523 1747
822 3024 1195
823 3078 1894
824 1094 1376
825 2224 1636
826 1378 1971
827 991 1126
828 2276 1249
829 2287 1655
830 2587 1466
831 1843 1130
832 2599 1305
833 1650 1968
834 2702 1016
835 2823 1026
836 1887 1248
837 1070 1615
838 3176 1010
839 1605 1874
840 1709 1749
841 2391 1972
842 2788 1332
843 2492 1193
844 1074 1875
845 1235 1562
846 1797 1646
847 2026 1750
848 1588 1774
849 1144 1445
850 1313 1785
851 2466 1635
852 1779 1101
853 1845 1598
854 3144 1089
855 1989 1476
856 923 1399
857 2228 1891
858 2401 1634
859 2681 1254
860 1903 1640
861 3018 1289
862 2048 1564
863 2856 1938
864 2045 1955
865 2829 1588
866 1813 1344
867 1759 1497
868 1961 1318
869 1080 1147
870 888 1442
871 1064 1119
872 2273 1139
873 2027 1182
874 1673 1271
875 1986 1305
876 1123 1267
877 1964 1233
878 2656 1158
879 1211 1489
880 2591 1139
881 2341 1192
882 2797 1561
883 2125 1743
884 1384 1640
885 1740 1771
886 1909 1514
887 1596 1255
888 1560 1092
889 2806 1593
890 2201 1904
891 918 1167
892 3081 1312
893 2595 1350
894 1506 1721
895 1096 1751
896 2145 1978
897 2741 1158
898 1197 1279
899 2447 1264
900 1439 1910
901 1240 1081
902 2052 1061
903 2650 1968
904 2967 1086
905 1139 1391
906 2437 1825
907 1577 1546
908 1040 1268
909 1841 1339
910 1369 1849
911 989 1272
912 2875 1460
913 1552 1058
914 2611 1752
915 1652 1107
916 2731 1421
917 1121 1395
918 3069 1327
919 2966 1358
920 1617 1678
921 2045 1573
922 2043 1790
923 2187 1168
924 2337 1187
925 2397 1461
926 3149 1530
927 1154 1552
928 2963 1502
929 1674 1263
930 3194 1374
931 2605 1777
932 1668 1672
933 3150 1338
934 1730 1100
935 2796 1813
936 1133 1055
937 1369 1431
938 1683 1827
939 1418 1420
940 2639 1983
941 2243 1696
942 2347 1800
943 3162 1708
944 2308 1444
945 2216 1050
946 2273 1678
947 2909 1751
948 975 1555
949 2391 1901
950 1141 1120
951 2647 1474
952 1153 1814
953 1665 1584
954 1963 1155
955 2868 1826
956 2072 1654
957 2040 1423
958 1895 1423
959 1827 1590
960 1256 1441
961 1325 1503
962 2322 1037
963 1489 1066
964 3010 1011
965 1248 1078
966 2385 1847
967 1702 1344
968 1407 1374
969 3099 1853
970 3166 1492
971 2182 1150
972 1805 1540
973 2275 1968
974 1406 1955
975 1832 1892
976 1174 1537
977 2781 1321
978 2322 1861
979 2349 1172
980 3153 1107
981 1037 1130
982 2268 1509
983 1533 1426
984 3178 1564
985 1778 1890
986 1794 1001
987 1239 1396
988 1186 1316
989 2716 1196
990 1190 1775
991 1872 1873
992 1118 1689
993 2076 1149
994 1980 1275
995 2766 1107
996 2722 1592
997 2991 1973
998 2227 1101
999 2150 1918
1000 2872 1491
1001 1411 1930
1002 2652 1037
1003 2188 1256
1004 2113 1274
1005 1076 1690
1006 2364 1209
1007 1699 1369
1008 2655 1524
1009 2815 1271
1010 2490 1339
1011 2710 1922
1012 2189 1573
1013 1585 1938
1014 1046 1501
1015 2676 1128
1016 1586 1991
1017 1569 1082
1018 2325 1301
1019 2520 1863
1020 2427 1035
1021 1525 1612
1022 2670 1443
1023 2819 1480
1024 1213 1238
1025 3033 1530
1026 1334 1112
1027 2721 1205
1028 1665 1559
1029 2680 1614
1030 2610 1991
1031 1266 1690
1032 1747 1604
1033 1968 1030
1034 1676 1502
1035 3189 1468
1036 1927 1306
1037 2465 1206
1038 2057 1467
1039 1276 1539
1040 2638 1804
1041 1662 1451
1042 2777 1016
1043 3176 1089
1044 2615 1088
1045 2218 1940
1046 1116 1961
1047 2652 1977
1048 1686 1776
1049 1460 1441
1050 1733 1114
1051 2421 1243
1052 1706 1204
1053 2580 1590
1054 2971 1339
1055 2673 1180
1056 3037 1793
1057 1891 1510
1058 1717 1750
1059 1900 1232
1060 1172 1967
1061 3097 1313
1062 1924 1605
1063 1752 1986
1064 1911 1100
1065 2082 1384
1066 2402 1430
1067 2839 1952
1068 1263 1140
1069 1768 1518
1070 2257 1368
1071 1617 1441
1072 1358 1162
1073 2474 1030
1074 2692 1861
1075 1931 1056
1076 1491 1085
1077 1337 1833
1078 2391 1744
1079 1443 1584
1080 2247 1574
1081 1949 1743
1082 2102 1998
1083 1535 1447
1084 1942 1214
1085 2475 1266
1086 1733 1142
1087 2294 1677
1088 2300 1762
1089 2298 1696
1090 1387 1747
1091 3155 1836
1092 1260 1016
1093 1612 1335
1094 1312 1814
1095 1221 1367
1096 1482 1001
1097 2697 1641
1098 1845 1870
1099 1355 1868
1100 1879 1119
1101 2112 1799
1102 2236 1705
1103 2616 1452
1104 1754 1462
1105 2932 1984
1106 2923 1370
1107 2553 1047
1108 2650 1620
1109 2288 1609
1110 1416 1451
1111 2828 1747
1112 2994 1754
1113 2363 1979
1114 2436 1186
1115 2016 1004
1116 1628 1954
1117 2936 1441
1118 1950 1349
1119 2112 1234
1120 2317 1345
1121 1822 1505
1122 2311 1879
1123 1447 1800
1124 2334 1124
1125 2980 1168
1126 2417 1307
1127 3163 1536
1128 2978 1932
1129 1653 1512
1130 1272 1693
1131 1652 1721
1132 3110 1500
1133 2221 1316
1134 2958 1030
1135 2326 1075
1136 2635 1999
1137 1178 1384
1138 1782 1942
1139 2391 1824
1140 2894 1500
1141 2864 1867
1142 2286 1626
1143 3053 1002
1144 1770 1692
1145 2573 1398
1146 2535 1533
1147 1423 1561
1148 1192 1456
1149 1345 1235
1150 2050 1512
1151 1680 1564
1152 2628 1757
1153 1549 1432
1154 2690 1979
1155 2710 1484
1156 1427 1625
1157 2137 1228
1158 1493 1123
1159 1278 1758
1160 2618 1397
1161 1567 1038
1162 2687 1252
1163 1811 1679
1164 1576 1082
1165 2748 1467
1166 1839 1598
1167 2385 1464
1168 2924 1374
1169 1614 1359
1170 2702 1466
1171 1903 1641
1172 1492 1198
1173 1286 1392
1174 3131 1388
1175 3008 1727
1176 1193 1923
1177 2621 1343
1178 2442 1272
1179 2288 1023
1180 2218 1863
1181 1616 1248
1182 2292 1814
1183 1290 1570
1184 1231 1142
1185 2125 1590
1186 3096 1023
1187 2980 1362
1188 2347 1559
1189 2151 1362
1190 1386 1751
1191 2736 1113
1192 2620 1211
1193 2085 1227
1194 2711 1635
1195 2166 1214
1196 1379 1162
1197 1959 1229
1198 1707 1746
1199 3175 1552
1200 2382 1554
1201 1343 1260
1202 1491 1982
1203 1457 1122
1204 2465 1097
1205 3105 1991
1206 3075 1458
1207 2596 1856
1208 2715 1320
1209 2194 1879
1210 2034 1970
1211 2364 1822
1212 2160 1256
1213 2404 1151
1214 1451 1376
1215 1506 1061
1216 2513 1806
1217 2648 1915
1218 1448 1851
1219 2125 1223
1220 1360 1016
1221 1682 1027
1222 1779 1359
1223 1878 1976
1224 2446 1254
1225 1977 1735
1226 1929 1442
1227 1254 1189
1228 2781 1228
1229 2968 1025
1230 2962 1770
1231 1480 1590
1232 1534 1388
1233 2653 1448
1234 2677 1033
1235 1276 1157
1236 2451 1582
1237 2169 1601
1238 1247 1611
1239 1731 1165
1240 1705 1714
1241 3149 1046
1242 3041 1277
1243 1290 1045
1244 1995 1146
1245 2753 1025
1246 1568 1469
1247 2531 1021
1248 2304 1523
1249 2129 1878
1250 2973 1614
1251 1970 1246
1252 2737 1442
1253 1915 1670
1254 2459 1306
1255 1784 1100
1256 2073 1488
1257 2218 1272
1258 2290 1568
1259 2676 1324
1260 1631 1143
1261 1937 1344
1262 2391 1421
1263 1952 1448
1264 2540 1788
1265 2248 1635
1266 1854 1396
1267 1724 1479
1268 1694 1461
1269 1713 1302
1270 2757 1584
1271 2989 1519
1272 1884 1602
1273 3180 1307
1274 2659 1646
1275 1743 1421
1276 2648 1718
1277 1436 1013
1278 2922 1182
1279 1659 1737
1280 1547 1189
1281 2966 1760
1282 1750 1193
1283 1351 1669
1284 2021 1645
1285 2988 1620
1286 2994 1145
1287 3192 1972
1288 2264 1879
1289 2752 1281
1290 2765 1861
1291 1388 1109
1292 3093 1076
1293 2148 1378
1294 1691 1204
1295 2180 1438
1296 2584 1065
1297 2768 1140
1298 2923 1127
1299 2639 1747
1300 2132 1821
1301 1928 1541
1302 2436 1593
1303 2644 1974
1304 3112 1240
1305 2665 1447
1306 1623 1152
1307 2443 1678
1308 2644 1556
1309 2559 1596
1310 1353 1571
1311 2688 1362
1312 3188 1493
1313 1417 1593
1314 3043 1651
1315 2524 1797
1316 2378 1746
1317 1383 1757
1318 2028 1420
1319 2923 1721
1320 1789 1779
1321 1779 1400
1322 2788 1914
1323 1685 1846
1324 2307 1691
1325 2600 1926
1326 2897 1454
1327 1494 1338
1328 1643 1532
1329 2389 1468
1330 2010 1001
1331 1699 1759
1332 2421 1391
1333 2815 1327
1334 3025 1525
1335 1658 1794
1336 1815 1172
1337 1658 1673
1338 2946 1905
1339 1948 1647
1340 2992 1411
1341 2560 1365
1342 2691 1147
1343 1810 1808
1344 1861 1907
1345 1353 1552
1346 1962 1829
1347 1978 1741
1348 3029 1001
1349 3135 1168
1350 1955 1082
1351 1705 1299
1352 1607 1845
1353 1811 1614
1354 2835 1359
1355 2824 1631
1356 2204 1715
1357 2493 1101
1358 2223 1516
1359 2622 1729
1360 2861 1533
1361 2728 1978
1362 3118 1035
1363 1404 1188
1364 3111 1515
1365 1439 1684
1366 2502 1229
1367 3080 1842
1368 2655 1909
1369 2345 1747
1370 1928 1930
1371 1498 1449
1372 1927 1700
1373 1637 1474
1374 2662 1447
1375 2533 1778
1376 1976 1535
1377 1590 1782
1378 3080 1142
1379 1809 1950
1380 3102 1169
1381 2340 1702
1382 1815 1116
1383 1702 1857
1384 1873 1829
1385 2120 1307
1386 1441 1188
1387 1905 1633
1388 2277 1252
1389 1651 1055
1390 2958 1238
1391 2317 1558
1392 2958 1755
1393 2279 1991
1394 2225 1860
1395 2175 1681
1396 2637 1632
1397 3097 1611
1398 2809 1825
1399 2152 1310
1400 2166 1819
1401 2093 1314
1402 1851 1058
1403 1581 1532
1404 3054 1799
1405 1952 1585
1406 2957 1454
1407 1583 1601
1408 1416 1760
1409 1584 1666
1410 2554 1424
1411 2825 1424
1412 2897 1979
1413 2718 1094
1414 1862 1185
1415 1620 1460
1416 1657 1619
1417 2091 1526
1418 1666 1112
1419 1448 1188
1420 1872 1120
1421 1595 1619
1422 1466 1323
1423 1879 1591
1424 2266 1327
1425 2548 1987
1426 1740 1661
1427 1710 1823
1428 2606 1135
1429 2071 1013
1430 1866 1280
1431 1830 1288
1432 3072 1744
1433 3078 1161
1434 1444 1682
1435 2927 1215
1436 2393 1715
1437 1584 1442
1438 1563 1937
1439 2343 1620
1440 2029 1382
1441 2999 1365
1442 2228 1008
1443 2780 1826
1444 2786 1503
1445 2333 1290
1446 2375 1434
1447 2337 1988
1448 2542 1374
1449 1706 1215
1450 1923 1356
1451 2910 1608
1452 1824 1445
1453 2323 1098
1454 1767 1652
1455 3114 1557
1456 2612 1177
1457 2622 1829
1458 2169 1782
1459 1753 1062
1460 3182 1431
1461 1815 1241
1462 1920 1491
1463 2827 1478
1464 2262 1409
1465 2524 1310
1466 2702 1121
1467 2673 1667
1468 1789 1209
1469 2821 1758
1470 3145 1696
1471 2839 1613
1472 3188 1499
1473 2124 1319
1474 2922 1161
1475 2512 1469
1476 1658 1204
1477 2785 1559
1478 2726 1495
1479 2332 1024
1480 2680 1222
1481 1519 1304
1482 3197 1655
1483 2311 1156
1484 1803 1068
1485 2373 1787
1486 1532 1865
1487 2484 1023
1488 2611 1192
1489 2853 1902
1490 2164 1782
1491 1995 1437
1492 2952 1105
1493 2496 1144
1494 2946 1329
1495 3109 1424
1496 2411 1465
1497 3063 1857
1498 1609 1257
1499 1889 1567
1500 1594 1936
1501 1695 1493
1502 2369 1835
1503 1617 1705
1504 2079 1996
1505 2637 1959
1506 1802 1873
1507 1811 1249
1508 2409 1195
1509 2463 1536
1510 3044 1927
1511 2763 1769
1512 2672 1277
1513 2584 1759
1514 2380 1818
1515 3103 1216
1516 2929 1372
1517 2627 1647
1518 2265 1505
1519 1987 1358
1520 1884 1701
1521 2233 1694
1522 1984 1518
1523 2130 1037
1524 1640 1621
1525 3170 1138
1526 2043 1900
1527 2950 1407
1528 2425 1014
1529 2479 1900
1530 1803 1663
1531 2685 1556
1532 1625 1450
1533 3134 1622
1534 2251 1073
1535 2792 1915
1536 2019 1316
1537 2460 1038
1538 2821 1761
1539 2962 1157
1540 2882 1700
1541 1649 1155
1542 2148 1403
1543 2424 1327
1544 1570 1857
1545 2119 1908
1546 3190 1845
1547 2443 1614
1548 2675 1862
1549 2935 1886
1550 2501 1669
1551 2108 1898
1552 3139 1863
1553 2106 1812
1554 2001 1781
1555 2778 1605
1556 2258 1010
1557 1617 1670
1558 2860 1113
1559 3090 1955
1560 2167 1993
1561 2797 1837
1562 2352 1774
1563 2168 1538
1564 2451 1164
1565 1598 1650
1566 2412 1490
1567 2388 1537
1568 1812 1825
1569 1976 1164
1570 3048 1504
1571 2042 1746
1572 2420 1134
1573 2049 1272
1574 2464 1211
1575 2155 1977
1576 2691 1034
1577 2939 1912
1578 2454 1015
1579 2741 1140
1580 2569 1705
1581 2592 1159
1582 3019 1084
1583 2751 1618
1584 1677 1975
1585 2600 1857
1586 2265 1501
1587 3017 1062
1588 2184 1937
1589 2305 1229
1590 2832 1827
1591 2476 1156
1592 2232 1417
1593 2319 1180
1594 2825 1244
1595 2530 1080
1596 2702 1185
1597 1948 1793
1598 2508 1832
1599 2513 1563
1600 3169 1404
1601 3169 1304
1602 1629 1159
1603 2930 1055
1604 3041 1153
1605 1641 1377
1606 2494 1318
1607 2536 1935
1608 2461 1626
1609 1925 1963
1610 2593 1889
1611 2577 1754
1612 3018 1950
1613 2410 1387
1614 3043 1936
1615 2726 1831
1616 2603 1684
1617 1924 1741
1618 2015 1851
1619 2635 1400
1620 2452 1322
1621 2870 1983
1622 2378 1480
1623 2772 1993
1624 2782 1583
1625 1647 1922
1626 2265 1178
1627 2063 1063
1628 2427 1391
1629 3066 1314
1630 1919 1904
1631 2577 1250
1632 2941 1588
1633 1687 1795
1634 2842 1718
1635 1988 1309
1636 2721 1207
1637 1867 1731
1638 3024 1052
1639 2250 1267
1640 1843 1206
1641 2603 1877
1642 1981 1866
1643 2565 1993
1644 2563 1541
1645 1817 1074
1646 2989 1654
1647 2360 1033
1648 1743 1120
1649 2812 1143
1650 2587 1042
1651 2495 1322
1652 2845 1580
1653 2361 1147
1654 3114 1760
1655 2304 1890
1656 2689 1547
1657 1876 1927
1658 2705 1023
1659 2399 1846
1660 2410 1846
1661 2034 1294
1662 2394 1821
1663 2383 1654
1664 2148 1330
1665 2266 1372
1666 2055 1060
1667 2567 1724
1668 2598 1998
1669 1866 1265
1670 1674 1991
1671 2958 1003
1672 3194 1745
1673 2606 1877
1674 1961 1603
1675 2157 1289
1676 2071 1950
1677 2294 1299
1678 2847 1681
1679 2613 1775
1680 2468 1929
1681 1906 1767
1682 3052 1840
1683 1735 1557
1684 2481 1368
1685 2564 1914
1686 1747 1772
1687 2646 1465
1688 2225 1740
1689 2782 1826
1690 2896 1324
1691 3097 1686
1692 2664 1063
1693 2603 1084
1694 2910 1869
1695 2967 1727
1696 3085 1078
1697 2218 1708
1698 2180 1170
1699 3165 1859
1700 2355 1975
1701 2346 1129
1702 1960 1517
1703 2986 1639
1704 3066 1329
1705 3071 1660
1706 2003 1564
1707 2998 1850
1708 2362 1480
1709 1867 1511
1710 2604 1486
1711 2301 1042
1712 1923 1639
1713 3029 1455
1714 2738 1533
1715 2471 1785
1716 2396 1997
1717 2237 1291
1718 3094 1580
1719 2712 1595
1720 2363 1035
1721 2557 1532
1722 1786 1792
1723 2255 1247
1724 2125 1770
1725 1817 1549
1726 2603 1929
1727 2279 1732
1728 2114 1951
1729 3143 1915
1730 2245 1375
1731 2295 1123
1732 2379 1969
1733 2312 1580
1734 2642 1831
1735 2943 1377
1736 2269 1975
1737 2884 1241
1738 1913 1852
1739 2916 1859
1740 3061 1963
1741 1829 1045
1742 3019 1344
1743 2128 1537
1744 2932 1467
1745 2197 1725
1746 2819 1691
1747 2702 1773
1748 2249 1004
1749 2211 1559
1750 2055 1088
1751 1983 1763
1752 1947 1184
1753 2793 1605
1754 3130 1181
1755 1989 1320
1756 2524 1111
1757 1976 1049
1758 2901 1168
1759 3048 1757
1760 1929 1998
1761 2994 1552
1762 3102 1444
1763 2665 1187
1764 2676 1397
1765 3146 1897
1766 3122 1572
1767 2038 1438
1768 2288 1290
1769 1831 1309
1770 2924 1828
1771 2379 1180
1772 3136 1593
1773 3149 1094
1774 2111 1877
1775 2372 1293
1776 2390 1149
1777 2242 1009
1778 3041 1536
1779 1952 1370
1780 2235 1093
1781 1786 1230
1782 2790 1463
1783 2031 1183
1784 2765 1002
1785 3155 1292
1786 2857 1176
1787 3171 1274
1788 2862 1997
1789 2012 1503
1790 3092 1579
1791 2967 1604
1792 2225 1195
1793 3177 1604
1794 2687 1481
1795 1874 1021
1796 3014 1834
1797 1806 1441
1798 2222 1877
1799 2395 1601
1800 2788 1291
1801 3127 1543
1802 2308 1340
1803 2393 1383
1804 2742 1848
1805 2586 1698
1806 2365 1470
1807 2742 1134
1808 1899 1036
1809 1948 1373
1810 2753 1940
1811 2895 1519
1812 1960 1879
1813 2814 1975
1814 2997 1306
1815 3160 1616
1816 2183 1281
1817 3185 1722
1818 2621 1916
1819 3155 1949
1820 2934 1613
1821 2126 1960
1822 3087 1666
1823 2988 1935
1824 2521 1525
1825 2926 1775
1826 2715 1309
1827 2605 1830
1828 1903 1041
1829 2574 1860
1830 1831 1417
1831 3132 1520
1832 2078 1297
1833 3180 1145
1834 2726 1291
1835 2139 1322
1836 3106 1392
1837 2360 1888
1838 2470 1827
1839 2354 1699
1840 2759 1993
1841 3171 1270
1842 2009 1624
1843 2127 1541
1844 2297 1955
1845 3059 1523
1846 2482 1376
1847 2179 1141
1848 2190 1911
1849 1893 1175
1850 2811 1183
1851 2204 1224
1852 3170 1054
1853 1908 1020
1854 2901 1932
1855 2385 1582
1856 3199 1565
1857 2816 1936
1858 2646 1601
1859 2293 1809
1860 2578 1010
1861 2164 1857
1862 2812 1170
1863 2856 1788
1864 1989 1038
1865 2646 1272
1866 2835 1162
1867 2661 1581
1868 2968 1938
1869 3055 1857
1870 2824 1611
1871 2212 1845
1872 2309 1316
1873 1896 1687
1874 2090 1916
1875 2802 1452
1876 2755 1513
1877 2201 1298
1878 2643 1698
1879 2674 1383
1880 2073 1906
1881 2709 1042
1882 2200 1153
1883 2410 1740
1884 3060 1713
1885 3124 1930
1886 2117 1210
1887 1906 1874
1888 2751 1626
1889 2751 1784
1890 2856 1213
1891 2538 1716
1892 3131 1164
1893 2115 1929
1894 2439 1093
1895 2677 1196
1896 3046 1552
1897 2926 1399
1898 2226 1401
1899 2339 1937
1900 2223 1558
1901 2019 1628
1902 1952 1534
1903 2939 1139
1904 1976 1564
1905 2201 1478
1906 2814 1183
1907 3135 1180
1908 2975 1176
1909 2001 1603
1910 2233 1168
1911 3015 1406
1912 2530 1651
1913 2051 1572
1914 2383 1884
1915 2874 1049
1916 3111 1629
1917 3053 1299
1918 2041 1972
1919 2274 1411
1920 2588 1573
1921 2507 1222
1922 1966 1656
1923 2652 1095
1924 2037 1584
1925 2023 1307
1926 2778 1373
1927 2187 1209
1928 2001 1471
1929 2954 1332
1930 2681 1303
1931 2068 1622
1932 2400 1019
1933 2656 1643
1934 2387 1470
1935 2177 1030
1936 1997 1546
1937 2984 1684
1938 3047 1827
1939 2816 1763
1940 2542 1209
1941 2789 1383
1942 3019 1721
1943 2358 1521
1944 2348 1161
1945 2814 1060
1946 2248 1414
1947 2840 1454
1948 2705 1052
1949 2230 1199
1950 3055 1425
1951 3074 1921
1952 2337 1438
1953 2404 1251
1954 2118 1611
1955 2649 1628
1956 3086 1678
1957 3024 1225
1958 2461 1568
1959 2903 1755
1960 2998 1860
1961 2300 1688
1962 2301 1805
1963 3040 1964
1964 2269 1442
1965 2559 1659
1966 2306 1009
1967 2420 1222
1968 2924 1677
1969 2980 1640
1970 2585 1013
1971 2919 1932
1972 2358 1819
1973 2571 1117
1974 2995 1470
1975 3133 1657
1976 3166 1797
1977 2478 1067
1978 2612 1079
1979 2269 1228
1980 2901 1076
1981 2657 1517
1982 3003 1057
1983 2142 1211
1984 2335 1060
1985 3019 1119
1986 2651 1813
1987 2731 1577
1988 2369 1581
1989 2086 1328
1990 2023 1382
1991 2629 1169
1992 2719 1263
1993 3130 1034
1994 2159 1370
1995 2119 1178
1996 3105 1643
1997 2834 1167
1998 2346 1399
1999 2046 1075
2000 2152 1495
2001 2221 1115
2002 2328 1311
2003 2167 1941
2004 2283 1784
2005 3074 1982
2006 2683 1102
2007 2451 1638
2008 2654 1702
2009 3075 1137
2010 2046 1904
2011 2214 1442
2012 2706 1325
2013 2042 1125
2014 2606 1502
2015 2986 1849
2016 2480 1880
2017 2142 1625
2018 2237 1039
2019 3160 1910
2020 2700 1766
2021 2798 1419
2022 2489 1289
2023 2154 1812
2024 2179 1015
2025 2046 1299
2026 2135 1311
2027 2773 1128
2028 2060 1261
2029 2659 1757
2030 2348 1393
2031 2967 1396
2032 3136 1133
2033 3187 1653
2034 2384 1953
2035 2306 1919
2036 2613 1389
2037 2102 1754
2038 3197 1786
2039 2476 1079
2040 3193 1341
2041 2958 1077
2042 3143 1329
2043 2496 1657
2044 2433 1952
2045 2899 1761
2046 2910 1014
2047 2805 1941
2048 2419 1754
2049 2943 1210
2050 2993 1225
2051 2893 1684
2052 2200 1393
2053 2462 1392
2054 2373 1471
2055 2871 1595
2056 3123 1525
2057 2975 1979
2058 2639 1852
2059 2570 1944
2060 3102 1745
2061 2109 1469
2062 2096 1543
2063 3199 1961
2064 2573 1778
2065 2294 1885
2066 2155 1235
2067 2794 1530
2068 3060 1477
2069 2247 1440
2070 2241 1746
2071 2281 1549
2072 2285 1410
2073 2917 1024
2074 3063 1074
2075 2645 1817
2076 3137 1661
2077 3081 1071
2078 3064 1401
2079 2539 1629
2080 2796 1625
2081 2413 1786
2082 2245 1682
2083 2963 1579
2084 2305 1909
2085 2908 1207
2086 2373 1624
2087 3101 1719
2088 2186 1057
2089 2189 1777
2090 2350 1272
2091 2119 1304
2092 2797 1895
2093 2408 1825
2094 3156 1929
2095 2803 1947
2096 2817 1148
2097 2982 1644
2098 2935 1604
2099 2795 1197
2100 3192 1205
2101 2157 1473
2102 3164 1693
2103 2160 1527
2104 2541 1605
2105 2554 1081
2106 2615 1450
2107 2883 1225
2108 2846 1475
2109 2577 1559
2110 2266 1033
2111 2210 1105
2112 2685 1054
2113 3048 1240
2114 3192 1931
2115 2375 1754
2116 2569 1283
2117 2911 1194
2118 2668 1725
2119 2126 1616
2120 2726 1186
2121 2152 1638
2122 2777 1852
2123 2440 1232
2124 2751 1374
2125 3128 1807
2126 2529 1982
2127 2224 1866
2128 3097 1235
2129 3188 1449
2130 2334 1533
2131 3123 1536
2132 2691 1328
2133 2316 1109
2134 2726 1524
2135 2734 1742
2136 3052 1653
2137 2508 1858
2138 2779 1697
2139 2522 1506
2140 2212 1587
2141 2373 1275
2142 3184 1644
2143 2846 1179
2144 3066 1824
2145 2224 1797
2146 2411 1740
2147 2717 1323
2148 2633 1906
2149 2319 1951
2150 2781 1358
2151 2824 1974
2152 2966 1353
2153 2312 1505
2154 2377 1783
2155 2919 1913
2156 2938 1375
2157 2681 1015
2158 2981 1334
2159 2612 1822
2160 2575 1265
2161 2350 1150
2162 2478 1245
2163 2737 1461
2164 2887 1372
2165 2337 1795
2166 2640 1983
2167 3072 1418
2168 2553 1610
2169 2858 1800
2170 2944 1417
2171 2392 1459
2172 2585 1653
2173 2699 1464
2174 2274 1114
2175 2220 1864
2176 2261 1944
2177 2308 1048
2178 2760 1596
2179 2426 1323
2180 2744 1171
2181 2576 1478
2182 2791 1603
2183 2901 1504
2184 2863 1901
2185 2198 1587
2186 2778 1994
2187 2585 1195
2188 2979 1657
2189 2631 1826
2190 2196 1227
2191 2484 1622
2192 2613 1547
2193 2678 1584
2194 3140 1653
2195 2665 1138
2196 3003 1498
2197 2439 1396
2198 2228 1773
2199 2781 1026
2200 3129 1661
2201 3190 1038
2202 2682 1432
2203 2501 1253
2204 2298 1056
2205 2894 1497
2206 2799 1156
2207 2444 1075
2208 2253 1726
2209 2983 1082
2210 2966 1460
2211 3136 1668
2212 3145 1790
2213 2722 1552
2214 2535 1187
2215 2679 1678
2216 3104 1159
2217 3096 1884
2218 2219 1533
2219 2356 1694
2220 2576 1389
2221 2963 1072
2222 2705 1067
2223 2961 1267
2224 2923 1028
2225 2683 1402
2226 2469 1557
2227 2619 1511
2228 2380 1097
2229 2533 1031
2230 2571 1455
2231 2491 1007
2232 2607 1350
2233 2983 1890
2234 2268 1102
2235 2940 1640
2236 2427 1845
2237 2362 1988
2238 2839 1210
2239 2736 1738
2240 2964 1313
2241 2838 1099
2242 2703 1060
2243 2798 1646
2244 2402 1898
2245 2933 1733
2246 3142 1662
2247 2541 1785
2248 2482 1135
2249 3072 1035
2250 3035 1863
2251 2758 1121
2252 2993 1715
2253 2591 1209
2254 2940 1070
2255 2868 1476
2256 2765 1906
2257 2557 1434
2258 2793 1108
2259 2540 1142
2260 3166 1531
2261 2329 1885
2262 2688 1084
2263 2727 1049
2264 3132 1501
2265 3062 1700
2266 2309 1956
2267 2841 1435
2268 2314 1059
2269 3175 1194
2270 3192 1715
2271 2788 1310
2272 2647 1290
2273 2547 1658
2274 2609 1635
2275 2486 1985
2276 2559 1552
2277 3073 1748
2278 2854 1918
2279 2835 1489
2280 2883 1292
2281 2893 1969
2282 2489 1537
2283 2439 1100
2284 2538 1066
2285 2541 1100
2286 2831 1701
2287 2978 1354
2288 2421 1006
2289 3164 1504
2290 2966 1891
2291 2296 1252
2292 2857 1957
2293 2974 1166
2294 2401 1822
2295 2930 1983
2296 2744 1217
2297 3161 1414
2298 2741 1826
2299 3156 1503
2300 3156 1491
2301 2969 1426
2302 2376 1424
2303 2842 1366
2304 3061 1977
2305 2652 1416
2306 3070 1185
2307 2512 1644
2308 3085 1247
2309 2407 1606
2310 2726 1528
2311 2931 1006
2312 2344 1015
2313 2967 1518
2314 2918 1499
2315 3089 1841
2316 2838 1147
2317 3200 1841
2318 3117 1728
2319 2925 1797
2320 3067 1631
2321 2552 1925
2322 3062 1210
2323 2793 1988
2324 2871 1786
2325 2452 1681
2326 2898 1506
2327 2631 1594
2328 2910 1387
2329 2682 1822
2330 3107 1064
2331 2878 1764
2332 2653 1597
2333 2621 1805
2334 2633 1201
2335 3059 1347
2336 2500 1565
2337 2835 1013
2338 2806 1504
2339 2690 1240
2340 2478 1056
2341 2710 1931
2342 2694 1855
2343 2884 1839
2344 2634 1856
2345 2598 1001
2346 2648 1044
2347 2734 1014
2348 2716 1534
2349 3096 1666
2350 2898 1839
2351 2642 1628
2352 2872 1406
2353 2577 1073
2354 2597 1288
2355 2835 1748
2356 3048 1679
2357 3187 1735
2358 3193 1091
2359 3171 1929
2360 3070 1858
2361 2871 1780
2362 2602 1797
2363 2847 1353
2364 3114 1728
2365 2373 1203
2366 2488 1157
2367 3059 1916
2368 2564 1647
2369 3031 1168
2370 3090 1598
2371 2586 1420
2372 2964 1563
2373 2909 1954
2374 2763 1217
2375 2683 1781
2376 3094 1822
2377 2890 1315
2378 2591 1893
2379 3131 1899
2380 2700 1482
2381 3069 1404
2382 2585 1633
2383 3144 1832
2384 2825 1899
2385 2488 1116
2386 2652 1030
2387 2891 1213
2388 2569 1647
2389 2612 1880
2390 3061 1687
2391 2657 1045
2392 2691 1711
2393 2586 1577
2394 3181 1265
2395 3067 1399
2396 2943 1109
2397 2559 1931
2398 2575 1629
2399 2631 1235
2400 3075 1710
2401 3048 1098
2402 2847 1139
2403 3035 1113
2404 2463 1119
2405 2846 1436
2406 2670 1407
2407 2746 1527
2408 2861 1506
2409 2731 1339
2410 2439 1326
2411 3015 1497
2412 2802 1296
2413 2459 1514
2414 2653 1246
2415 3108 1864
2416 3091 1749
2417 2523 1765
2418 3184 1155
2419 2761 1094
2420 2627 1056
2421 2757 1523
2422 2704 1822
2423 2493 1734
2424 2928 1610
2425 3074 1973
2426 2650 1310
2427 2428 1414
2428 2778 1356
2429 3197 1046
2430 2593 1193
2431 3135 1493
2432 2703 1603
2433 2694 1842
2434 2713 1528
2435 2687 1967
2436 2966 1069
2437 3108 1017
2438 2551 1744
2439 2621 1854
2440 3079 1843
2441 2946 1498
2442 2825 1486
2443 3139 1848
2444 3090 1015
2445 2730 1658
2446 3103 1632
2447 2506 1766
2448 3173 1005
2449 2604 1773
2450 2760 1080
2451 2825 1152
2452 2580 1603
2453 2672 1265
2454 3173 1017
2455 2903 1795
2456 3098 1954
2457 3111 1391
2458 2583 1178
2459 2793 1597
2460 2806 1332
2461 2585 1971
2462 2979 1056
2463 2469 1661
2464 3145 1206
2465 3185 1801
2466 2553 1701
2467 3168 1645
2468 2909 1773
2469 2691 1776
2470 2642 1821
2471 2810 1945
2472 2676 1418
2473 2973 1696
2474 2843 1525
2475 3097 1560
2476 2601 1904
2477 2587 1261
2478 2576 1653
2479 2841 1535
2480 3170 1834
2481 2842 1563
2482 2806 1821
2483 2857 1011
2484 2657 1559
2485 2847 1329
2486 3054 1216
2487 3188 1293
2488 2672 1056
2489 2809 1488
2490 2935 1541
2491 2606 1997
2492 2695 1270
2493 2618 1923
2494 2629 1307
2495 2811 1193
2496 3039 1662
2497 2986 1239
2498 3174 1074
2499 3094 1220
2500 2879 1843
2501 2902 1880
2502 3105 1589
2503 3021 1305
2504 2990 1885
2505 3197 1379
2506 2806 1525
2507 3043 1703
2508 2887 1579
2509 2723 1160
2510 2872 1195
2511 2829 1867
2512 2968 1620
2513 2545 1398
2514 2748 1572
2515 3089 1082
2516 2749 1167
2517 3129 1971
2518 3069 1459
2519 3119 1060
2520 2824 1847
2521 2737 1639
2522 2974 1026
2523 2716 1610
2524 3020 1759
2525 2843 1086
2526 2576 1830
2527 2865 1184
2528 2586 1910
2529 2692 1146
2530 3015 1687
2531 2645 1308
2532 3147 1852
2533 2875 1588
2534 2833 1397
2535 3020 1837
2536 3148 1450
2537 2944 1451
2538 3058 1804
2539 2881 1796
2540 2798 1534
2541 2551 1522
2542 2641 1280
2543 2782 1518
2544 2979 1060
2545 3117 1998
2546 2824 1201
2547 2561 1903
2548 2812 1149
2549 2931 1846
2550 2551 1696
2551 2976 1871
2552 2738 1275
2553 3079 1121
2554 3100 1023
2555 2783 1145
2556 2601 1827
2557 2724 1058
2558 3061 1613
2559 3164 1895
2560 2709 1033
2561 2799 1015
2562 2683 1727
2563 2987 1423
2564 3045 1031
2565 2910 1453
2566 3145 1215
2567 2993 1248
2568 2750 1333
2569 2570 1141
2570 2674 1625
2571 2619 1141
2572 3008 1778
2573 3090 1050
2574 3185 1144
2575 2839 1608
2576 2749 1081
2577 2895 1096
2578 3136 1053
2579 2811 1695
2580 2836 1892
2581 2991 1182
2582 2635 1904
2583 2796 1707
2584 2671 1709
2585 2636 1172
2586 2636 1380
2587 3015 1308
2588 2709 1599
2589 2740 1069
2590 2635 1767
2591 2918 1117
2592 2673 1561
2593 2608 1214
2594 3139 1847
2595 3142 1893
2596 2923 1482
2597 3075 1117
2598 2758 1501
2599 3109 1676
2600 2908 1469
2601 3066 1498
2602 3055 1053
2603 2773 1905
2604 2807 1383
2605 2687 1168
2606 3001 1724
2607 3002 1242
2608 2733 1915
2609 2952 1956
2610 3071 1616
2611 2896 1068
2612 2619 1228
2613 2890 1909
2614 3095 1435
2615 2892 1094
2616 3163 1251
2617 2888 1946
2618 2954 1560
2619 3035 1114
2620 3048 1108
2621 3143 1711
2622 2793 1900
2623 2701 1724
2624 2797 1206
2625 3017 1223
2626 3136 1638
2627 2741 1680
2628 2985 1199
2629 2940 1290
2630 3041 1662
2631 2876 1743
2632 2990 1579
2633 3153 1577
2634 2900 1529
2635 2841 1474
2636 3088 1365
2637 3119 1892
2638 3051 1499
2639 3121 1309
2640 2960 1619
2641 2663 1771
2642 2732 1139
2643 2664 1461
2644 3182 1518
2645 2980 1650
2646 3166 1050
2647 2703 1490
2648 2980 1223
2649 2746 1482
2650 3178 1859
2651 3036 1109
2652 2712 1563
2653 2868 1366
2654 3145 1460
2655 2718 1675
2656 2952 1416
2657 2935 1075
2658 3149 1803
2659 2853 1103
2660 2841 1005
2661 3195 1326
2662 2945 1114
2663 2713 1635
2664 2942 1877
2665 3182 1113
2666 3101 1627
2667 3184 1855
2668 3108 1756
2669 2782 1015
2670 2882 1452
2671 2800 1816
2672 3174 1447
2673 3069 1523
2674 3017 1828
2675 2694 1634
2676 3064 1568
2677 3056 1044
2678 3114 1539
2679 2955 1454
2680 3030 1216
2681 3179 1076
2682 2803 1509
2683 2731 1228
2684 2833 1819
2685 3128 1315
2686 3031 1135
2687 2908 1569
2688 3075 1391
2689 3079 1504
2690 3137 1408
2691 3048 1730
2692 2703 1932
2693 2968 1992
2694 3023 1937
2695 2903 1911
2696 2999 1348
2697 2819 1220
2698 3008 1325
2699 2818 1593
2700 3185 1068
2701 3131 1663
2702 2873 1577
2703 2880 1603
2704 3069 1217
2705 2810 1949
2706 3159 1317
2707 3073 1955
2708 2904 1356
2709 3155 1925
2710 2948 1672
2711 3197 1978
2712 3114 1230
2713 2722 1488
2714 2831 1159
2715 2721 1520
2716 2870 1004
2717 3066 1287
2718 2808 1534
2719 2784 1352
2720 2813 1307
2721 2969 1184
2722 2931 1261
2723 2855 1882
2724 3171 1100
2725 3156 1512
2726 2857 1404
2727 3024 1995
2728 3151 1465
2729 3005 1881
2730 2962 1766
2731 3185 1350
2732 3013 1429
2733 2915 1366
2734 2745 1121
2735 3001 1206
2736 2847 1040
2737 3149 1226
2738 3097 1444
2739 3061 1305
2740 3061 1416
2741 2780 1517
2742 3055 1400
2743 2882 1542
2744 2767 1905
2745 2752 1894
2746 2992 1391
2747 3192 1183
2748 3190 1054
2749 2808 1089
2750 2850 1056
2751 3161 1743
2752 3003 1268
2753 2828 1401
2754 2889 1096
2755 2915 1933
2756 2824 1805
2757 3195 1814
2758 3109 1513
2759 2807 1039
2760 2786 1394
2761 3031 1121
2762 3162 1462
2763 3026 1943
2764 3008 1224
2765 2837 1027
2766 2890 1101
2767 2966 1633
2768 2828 1380
2769 3111 1105
2770 3038 1955
2771 3199 1002
2772 3136 1686
2773 2836 1842
2774 2927 1331
2775 2963 1154
2776 2958 1369
2777 3021 1510
2778 2844 1327
2779 2793 1706
2780 2801 1569
2781 3003 1336
2782 3181 1156
2783 3107 1119
2784 2960 1947
2785 2933 1765
2786 3077 1674
2787 3047 1348
2788 3097 1280
2789 2896 1043
2790 2876 1698
2791 2863 1475
2792 2906 1545
2793 2911 1026
2794 2984 1885
2795 3111 1101
2796 2976 1404
2797 3082 1925
2798 3105 1779
2799 2948 1868
2800 3126 1205
2801 3000 1426
2802 2844 1289
2803 3004 1480
2804 2981 1069
2805 2855 1637
2806 2870 1001
2807 3134 1990
2808 2829 1407
2809 2872 1424
2810 3161 1430
2811 3105 1082
2812 2974 1525
2813 3142 1206
2814 2824 1284
2815 3047 1062
2816 3155 1710
2817 3189 1763
2818 3168 1140
2819 2897 1216
2820 2990 1955
2821 3160 1037
2822 3001 1773
2823 3013 1000
2824 3076 1245
2825 2981 1797
2826 3029 1436
2827 3172 1374
2828 2856 1064
2829 2990 1110
2830 2956 1116
2831 3175 1360
2832 2854 1107
2833 2847 1781
2834 3061 1862
2835 2983 1329
2836 3037 1157
2837 2940 1343
2838 2846 1874
2839 3090 1315
2840 3147 1833
2841 2922 1693
2842 2996 1932
2843 3004 1934
2844 3152 1954
2845 3127 1690
2846 2985 1079
2847 3002 1126
2848 3036 1143
2849 3051 1235
2850 3183 1644
2851 3016 1048
2852 2967 1344
2853 3163 1022
2854 3108 1228
2855 2995 1004
2856 2960 1166
2857 3074 1891
2858 3046 1913
2859 3079 1724
2860 3139 1822
2861 3116 1574
2862 3197 1609
2863 3118 1051
2864 2913 1798
2865 2957 1794
2866 2932 1034
2867 2903 1559
2868 2978 1271
2869 3152 1838
2870 3181 1495
2871 3116 1127
2872 2889 1081
2873 2978 1052
2874 2933 1056
2875 3159 1038
2876 2942 1777
2877 3182 1172
2878 3026 1725
2879 2916 1797
2880 3198 1589
2881 3065 1517
2882 2994 1532
2883 2975 1140
2884 3184 1238
2885 2968 1500
2886 3028 1294
2887 3020 1089
2888 3175 1476
2889 3070 1187
2890 3061 1718
2891 3192 1198
2892 2956 1157
2893 2953 1227
2894 3079 1561
2895 3106 1103
2896 3043 1999
2897 2994 1721
2898 2952 1214
2899 2974 1465
2900 3101 1057
2901 2935 1908
2902 3181 1310
2903 3026 1372
2904 2982 1397
2905 3098 1484
2906 3117 1269
2907 2973 1330
2908 2954 1416
2909 3004 1565
2910 3185 1327
2911 2944 1845
2912 3078 1608
2913 3004 1977
2914 3138 1195
2915 3138 1252
2916 2995 1948
2917 3000 1177
2918 2957 1115
2919 3117 1614
2920 3046 1088
2921 2937 1717
2922 3011 1737
2923 3158 1748
2924 2944 1782
2925 2993 1494
2926 3188 1211
2927 3179 1043
2928 2974 1996
2929 3005 1090
2930 2970 1296
2931 3041 1951
2932 2965 1892
2933 3156 1856
2934 3023 1001
2935 3047 1761
2936 3112 1015
2937 3191 1055
2938 2985 1136
2939 2962 1066
2940 3175 1049
2941 3185 1003
2942 3015 1195
2943 3009 1517
2944 3079 1288
2945 3116 1744
2946 3153 1321
2947 3071 1440
2948 3104 1444
2949 3115 1324
2950 3072 1939
2951 3194 1034
2952 3177 1928
2953 3162 1305
2954 3164 1964
2955 3011 1734
2956 3060 1751
2957 3179 1112
2958 3010 1425
2959 3124 1959
2960 3083 1175
2961 3199 1942
2962 2975 1946
2963 3101 1337
2964 3114 1473
2965 3080 1034
2966 3200 1014
2967 3168 1806
2968 3127 1470
2969 3156 1060
2970 3089 1938
2971 3025 1134
2972 3102 1395
2973 2985 1808
2974 3193 1938
2975 3076 1189
2976 3008 1229
2977 3080 1768
2978 3032 1926
2979 3088 1912
2980 3166 1766
2981 3044 1525
2982 3003 1462
2983 3139 1039
2984 3003 1830
2985 3033 1119
2986 3147 1782
2987 3177 1509
2988 3042 1601
2989 3192 1599
2990 3020 1346
2991 3198 1827
2992 3183 1695
2993 2999 1939
2994 3058 1914
2995 3044 1560
2996 3130 1687
2997 3166 1746
2998 3130 1535
2999 3162 1355
3000 3002 1946
3001 3111 1627
3002 3130 1412
3003 3085 1798
3004 3118 1846
3005 3195 1002
3006 3050 1925
3007 3132 1853
3008 3182 1976
3009 3024 1915
3010 3022 1538
3011 3111 1332
3012 3165 1872
3013 3172 1332
3014 3095 1845
3015 3135 1597
3016 3110 1160
3017 3152 1783
3018 3197 1239
3019 3089 1559
3020 3028 1397
3021 3111 1237
3022 3048 1911
3023 3146 1935
3024 3125 1140
3025 3110 1619
3026 3148 1090
3027 3083 1986
3028 3067 1565
3029 3067 1600
3030 3062 1547
3031 3166 1264
3032 3185 1067
3033 3120 1101
3034 3106 1236
3035 3167 1891
3036 3153 1674
3037 3184 1859
3038 3047 1955
3039 3165 1293
3040 3190 1527
3041 3150 1960
3042 3193 1294
3043 3194 1909
3044 3096 1347
3045 3102 1962
3046 3158 1286
3047 3090 1674
3048 3102 1296
3049 3181 1161
3050 3111 1159
3051 3093 1453
3052 3192 1634
3053 3141 1657
3054 3131 1326
3055 3167 1627
3056 3118 1078
3057 3179 1901
3058 3062 1401
3059 3095 1201
3060 3156 1501
3061 3143 1477
3062 3156 1162
3063 3153 1110
3064 3078 1418
3065 3097 1408
3066 3094 1548
3067 3072 1027
3068 3099 1391
3069 3083 1834
3070 3166 1788
3071 3100 1989
3072 3096 1004
3073 3155 1855
3074 3115 1296
3075 3160 1466
3076 3198 1072
3077 3155 1589
3078 3167 1811
3079 3172 1463
3080 3127 1373
3081 3200 1238
3082 3133 1055
3083 3171 1216
3084 3095 1463
3085 3142 1347
3086 3195 1760
3087 3171 1312
3088 3168 1589
3089 3128 1401
3090 3095 1223
3091 3112 1699
3092 3159 1318
3093 3101 1759
3094 3176 1564
3095 3181 1219
3096 3103 1565
3097 3168 1622
3098 3165 1251
3099 3162 1216
3100 3189 1486
3101 3165 1287
3102 3145 1104
3103 3114 1230
3104 3180 1574
3105 3182 1496
3106 3165 1650
3107 3197 1706
3108 3170 1045
3109 3187 1223
3110 3161 1667
3111 3120 1869
3112 3119 1935
3113 3179 1132
3114 3147 1949
3115 3151 1447
3116 3128 1126
3117 3161 1419
3118 3134 1646
3119 3193 1620
3120 3186 1537
3121 3131 1359
3122 3123 1924
3123 3155 1146
3124 3171 1553
3125 3166 1888
3126 3152 1570
3127 3180 1025
3128 3143 1350
3129 3189 1205
3130 3150 1761
3131 3170 1657
3132 3189 1253
3133 3150 1002
3134 3190 1743
3135 3137 1727
3136 3198 1293
3137 3160 1923
3138 3167 1827
3139 3160 1519
3140 3170 1884
3141 3169 1766
3142 3170 1990
3143 3151 1610
3144 3158 1918
3145 3171 1101
3146 3174 1818
3147 3197 1114
3148 3158 1998
3149 3179 1233
3150 3163 1598
3151 3198 1945
3152 3199 1683
3153 3188 1591
3154 3191 1393
3155 3166 1133
3156 3200 1460
3157 3158 1303
3158 3166 1042
3159 3175 1862
3160 3188 1380
3161 3169 1695
3162 3174 1790
3163 3191 1582
3164 3184 1246
3165 3200 1626
3166 3184 1059
3167 3176 1280
3168 3171 1208
3169 3178 1761
3170 3180 1952
3171 3179 1172
3172 3200 1772
3173 3190 1028
3174 3179 1888
3175 3178 1658
3176 3195 1024
3177 3178 1591
3178 3184 1313
3179 3191 1143
3180 3189 1693
3181 3200 1082
3182 3197 1126
3183 3187 1130
3184 3188 1186
3185 3198 1700
3186 3198 1724
3187 3191 1176
3188 3190 1579
3189 3195 1193
3190 3191 1841
3191 3199 1747
3192 3199 1365
3193 3196 1429
3194 3200 1218
3195 3199 1494
3196 3197 1118
3197 3199 1616
3198 3200 1674
3199 3200 1333
0 1 1554
0 2 1789
0 3 1704
2 4 1330
2 5 1161
4 6 1694
2 7 1704
7 8 1632
0 9 1447
4 10 1760
2 11 1698
8 12 1951
7 14 1996
9 15 1745
15 16 1674
0 17 1424
3 18 1443
16 19 1750
2 20 1128
18 21 1830
10 22 1470
21 23 1224
14 24 1340
2 25 1376
7 26 1091
4 27 1401
22 28 1690
17 29 1251
15 30 1099
22 31 1981
27 32 1686
1 33 1937
8 34 1519
25 35 1956
15 36 1166
11 37 1086
13 38 1524
36 39 1660
26 40 1837
35 41 1735
4 42 1846
41 43 1728
5 44 1643
5 45 1507
14 47 1933
24 48 1357
43 49 1607
29 50 1604
18 51 1244
23 52 1290
0 53 1655
46 54 1300
40 55 1871
0 56 1541
55 57 1108
51 58 1378
54 59 1370
29 60 1474
3 61 1321
10 62 1116
31 63 1798
55 64 1973
37 65 1394
35 66 1484
32 67 1445
12 68 1596
41 69 1631
34 70 1830
26 71 1907
34 72 1535
47 73 1312
65 74 1165
56 75 1605
11 76 1178
28 77 1328
3 78 1963
76 79 1275
53 80 1320
3 81 1603
46 82 1623
59 83 1215
42 84 1807
43 85 1753
50 87 1942
59 88 1700
60 89 1607
24 90 1587
57 91 1428
66 92 1457
57 93 1060
75 94 1227
79 95 1274
17 96 1950
42 97 1778
40 98 1294
66 99 1895
25 100 1668
35 101 1078
37 102 1515
21 103 1977
67 104 1535
15 105 1585
5 106 1922
70 107 1075
107 109 1604
56 110 1757
1 111 1527
44 112 1494
32 113 1357
12 114 1479
42 115 1190
0 116 1874
54 117 1009
52 118 1461
75 119 1758
100 120 1339
27 121 1406
87 122 1488
10 123 1200
80 124 1846
17 125 1057
92 126 1208
64 127 1423
73 128 1843
20 129 1362
7 130 1844
106 131 1064
113 133 1050
43 134 1107
63 135 1937
20 136 1041
80 137 1128
43 138 1647
65 139 1312
73 140 1242
52 141 1617
119 142 1717
76 143 1114
118 144 1944
143 145 1133
8 146 1011
116 147 1725
78 149 1375
13 150 1908
48 151 1669
45 152 1982
18 153 1893
26 154 1956
29 155 1501
79 156 1405
121 157 1156
68 158 1799
138 159 1930
146 160 1246
151 161 1430
88 162 1791
106 163 1115
58 165 1164
92 166 1600
103 167 1061
71 168 1451
20 169 1846
151 170 1041
2 171 1514
144 173 1828
163 174 1708
73 175 1978
21 176 1678
44 177 1686
14 178 1681
67 179 1949
32 180 1271
174 181 1055
51 182 1640
31 183 1407
85 184 1695
26 185 1137
147 186 1672
126 187 1407
97 188 1512
97 190 1169
91 191 1105
35 192 1903
27 194 1841
48 195 1515
146 197 1070
54 198 1696
69 199 1536
48 200 1625
99 201 1746
94 202 1815
121 203 1806
161 204 1771
67 206 1013
82 207 1780
144 208 1416
75 209 1414
196 210 1599
199 211 1232
147 212 1123
132 213 1623
188 214 1297
106 215 1740
71 216 1357
12 217 1630
129 218 1072
42 219 1262
49 221 1728
96 222 1454
153 223 1795
87 224 1324
219 225 1328
108 226 1305
19 227 1290
150 228 1608
177 229 1369
205 230 1597
166 231 1823
99 232 1692
184 233 1212
59 234 1155
222 235 1222
53 236 1349
38 237 1624
72 238 1236
56 239 1438
196 240 1338
73 241 1138
148 242 1292
84 243 1302
53 244 1028
150 245 1815
167 246 1417
112 247 1763
113 248 1077
193 249 1279
149 250 1651
198 251 1262
147 252 1691
163 253 1818
152 257 1395
221 258 1056
241 259 1515
15 260 1692
0 261 1653
141 262 1216
160 263 1792
95 264 1642
46 265 1808
240 266 1601
134 267 1571
124 269 1987
54 270 1762
158 271 1495
43 272 1250
93 273 1017
168 274 1438
222 275 1080
58 276 1907
199 277 1656
64 278 1191
39 279 1212
40 280 1871
75 282 1036
167 283 1052
246 284 1638
261 285 1457
10 286 1772
21 287 1724
102 288 1178
240 289 1070
247 290 1907
49 291 1545
197 292 1047
86 293 1573
151 294 1675
2 295 1023
86 296 1549
254 297 1574
46 298 1705
140 299 1171
122 300 1125
292 301 1380
21 302 1510
214 303 1389
57 305 1877
290 307 1805
246 308 1930
133 309 1040
173 310 1531
227 311 1998
60 313 1361
16 314 1063
156 315 1279
247 316 1625
107 317 1863
122 318 1840
243 319 1083
233 320 1072
308 323 1741
304 324 1530
17 325 1876
273 326 1329
318 327 1443
150 328 1408
156 329 1016
173 330 1297
29 332 1918
184 333 1244
21 334 1831
291 335 1835
175 336 1233
213 337 1615
47 338 1507
49 339 1192
114 340 1453
114 341 1173
260 342 1914
315 343 1750
301 345 1523
276 346 1227
66 347 1120
341 348 1620
293 349 1477
104 350 1379
302 351 1472
124 352 1601
242 353 1531
151 354 1324
55 355 1962
59 356 1218
353 357 1194
84 358 1756
53 359 1419
180 360 1322
291 363 1380
68 364 1303
116 365 1082
202 366 1857
20 367 1380
267 368 1511
196 370 1462
4 372 1287
292 373 1448
341 374 1803
49 375 1747
317 376 1607
26 377 1671
36 378 1066
354 379 1284
228 380 1631
205 381 1027
337 382 1175
322 383 1759
115 384 1900
236 385 1798
128 386 1100
22 387 1326
126 388 1672
209 389 1982
13 390 1224
218 391 1266
261 392 1670
240 393 1922
118 394 1355
342 395 1192
156 396 1937
126 397 1660
333 398 1711
369 399 1477
118 400 1746
223 401 1894
395 402 1566
111 403 1051
236 404 1161
40 405 1207
367 406 1472
214 408 1676
77 409 1001
106 410 1741
0 411 1075
396 412 1563
216 413 1070
173 414 1290
13 415 1083
405 416 1168
328 417 1495
124 419 1218
98 420 1498
331 421 1282
414 422 1534
55 423 1344
268 424 1518
242 425 1508
25 426 1268
179 427 1022
220 428 1711
227 429 1162
27 430 1888
232 431 1747
121 432 1231
21 433 1403
201 434 1015
278 435 1092
21 436 1218
393 437 1918
274 438 1810
321 439 1917
233 440 1086
132 441 1038
310 442 1037
361 444 1183
440 445 1009
323 446 1488
75 448 1067
384 449 1162
449 450 1360
44 451 1546
397 452 1037
61 453 1185
76 454 1188
251 455 1115
240 456 1826
356 457 1019
369 458 1668
316 459 1447
418 460 1766
401 462 1453
47 463 1367
238 464 1666
39 465 1748
232 466 1290
110 467 1512
16 468 1274
208 469 1861
147 470 1781
169 471 1946
395 472 1806
376 474 1105
346 475 1147
445 476 1292
369 477 1499
258 478 1611
190 479 1116
26 480 1428
460 481 1355
186 482 1799
28 483 1561
420 484 1237
258 485 1622
85 486 1013
298 487 1524
45 488 1890
384 489 1043
356 490 1741
221 491 1620
84 492 1122
268 493 1069
78 494 1697
12 495 1328
330 496 1964
251 497 1384
461 498 1520
82 499 1769
339 500 1682
57 501 1106
244 502 1687
103 503 1106
195 504 1999
27 505 1380
122 506 1976
41 507 1553
149 508 1163
172 509 1897
312 511 1188
433 512 1477
435 513 1379
40 514 1700
283 515 1978
98 516 1279
110 517 1779
319 518 1611
60 519 1800
138 520 1355
479 521 1638
257 522 1032
248 523 1910
18 524 1598
347 525 1665
206 526 1539
475 527 1296
468 528 1999
384 530 1550
455 531 1819
72 532 1842
191 533 1687
342 534 1100
87 535 1052
225 536 1699
403 539 1395
516 540 1121
489 541 1408
195 543 1332
26 544 1478
209 545 1418
537 546 1840
60 548 1808
230 550 1034
365 552 1175
550 553 1874
173 554 1124
318 555 1990
499 556 1266
179 557 1274
286 558 1901
57 559 1094
320 560 1894
254 561 1378
342 563 1486
120 565 1055
327 566 1145
433 567 1900
496 568 1833
100 569 1761
17 570 1284
302 571 1988
491 574 1435
87 575 1453
417 576 1967
167 578 1144
50 579 1602
124 580 1679
506 581 1823
248 582 1969
383 583 1320
538 584 1003
308 586 1138
160 587 1674
433 588 1599
72 589 1834
284 590 1487
560 591 1957
125 592 1916
461 593 1459
295 595 1137
491 596 1403
539 597 1565
175 599 1196
131 603 1754
341 605 1138
528 606 1909
5 607 1728
381 608 1002
185 612 1958
182 613 1469
219 614 1231
81 615 1630
425 616 1018
187 617 1730
130 619 1931
225 620 1547
494 621 1710
235 623 1732
595 624 1943
162 625 1642
520 626 1928
377 627 1474
394 630 1664
352 633 1627
620 634 1708
600 635 1016
548 636 1045
52 637 1413
35 638 1399
514 640 1530
594 641 1441
124 642 1145
614 643 1869
136 644 1904
213 645 1925
174 646 1836
361 647 1344
489 648 1458
80 649 1744
128 650 1171
2 651 1745
520 652 1363
634 653 1225
48 654 1238
178 655 1126
251 657 1896
538 658 1608
182 659 1711
129 661 1293
341 663 1808
348 664 1706
268 665 1530
209 666 1317
410 667 1202
275 670 1732
312 671 1132
59 672 1553
90 673 1532
47 674 1525
224 675 1742
624 676 1509
653 677 1168
353 678 1766
557 679 1121
678 680 1065
407 681 1926
637 682 1387
393 683 1241
34 684 1499
346 686 1198
581 687 1480
589 688 1676
9 691 1943
243 692 1700
122 693 1494
679 694 1898
692 695 1632
177 696 1885
631 697 1269
241 698 1524
486 699 1245
182 700 1950
669 702 1338
291 703 1638
195 705 1223
174 706 1362
618 707 1704
115 708 1294
39 710 1927
295 711 1938
349 712 1536
206 714 1445
477 715 1522
232 716 1212
711 718 1243
208 719 1658
190 720 1534
351 721 1830
719 722 1707
97 723 1092
496 726 1564
705 727 1001
510 728 1680
73 729 1471
69 730 1806
722 731 1976
324 732 1543
666 733 1954
373 734 1167
195 735 1096
126 736 1338
404 737 1313
528 739 1472
14 740 1256
598 741 1276
53 742 1887
682 743 1703
154 744 1208
251 745 1459
475 746 1689
739 748 1815
614 749 1971
637 750 1199
281 751 1464
215 752 1724
340 753 1934
413 754 1743
316 755 1756
294 756 1349
755 757 1568
296 758 1248
462 759 1555
519 760 1795
745 762 1426
438 763 1599
388 764 1850
163 766 1822
107 767 1198
720 769 1835
747 770 1144
621 773 1164
337 774 1730
455 776 1670
487 777 1247
283 778 1196
499 780 1988
425 781 1171
39 782 1220
435 783 1196
310 784 1908
246 786 1222
453 787 1100
6 788 1400
277 789 1086
630 790 1977
737 791 1135
363 792 1172
630 793 1535
39 794 1571
243 795 1863
82 796 1398
18 797 1317
755 798 1664
489 799 1903
311 800 1439
187 801 1402
153 802 1542
218 803 1357
625 804 1056
591 805 1943
519 807 1139
776 808 1826
45 809 1127
361 810 1090
471 812 1482
713 813 1358
187 814 1177
628 815 1330
774 816 1517
663 818 1998
633 819 1263
666 820 1911
386 821 1249
418 823 1536
338 824 1507
207 825 1205
588 826 1895
655 827 1995
758 829 1465
360 830 1911
748 831 1262
489 832 1810
32 833 1697
775 838 1861
269 840 1236
503 841 1719
702 842 1753
62 845 1744
561 848 1884
343 850 1897
526 851 1036
565 852 1139
259 853 1559
245 854 1240
586 857 1463
191 858 1113
315 859 1909
680 860 1701
263 862 1952
693 864 1403
17 865 1674
165 866 1189
329 868 1824
624 870 1689
579 871 1315
689 872 1733
378 873 1544
505 874 1718
138 876 1312
313 877 1076
100 878 1580
311 879 1982
126 882 1298
565 883 1381
506 884 1557
83 886 1536
662 887 1107
130 889 1076
890 891 1520
223 892 1365
877 895 1490
631 896 1646
860 897 1274
650 898 1945
40 899 1294
132 901 1323
228 902 1821
855 904 1383
150 905 1464
660 906 1613
575 907 1633
641 908 1135
716 909 1035
595 910 1416
412 913 1366
645 914 1873
357 917 1469
126 919 1290
351 920 1526
573 921 1705
581 922 1317
842 925 1002
858 926 1061
855 928 1875
487 929 1965
214 931 1258
672 935 1906
620 936 1141
702 937 1438
659 938 1974
118 939 1005
533 940 1801
543 941 1800
163 943 1636
221 946 1513
225 947 1658
676 948 1665
372 949 1083
104 950 1097
827 952 1948
756 953 1771
709 954 1286
250 955 1972
295 956 1214
270 958 1808
421 959 1792
463 960 1770
515 961 1528
936 962 1751
71 963 1999
135 967 1494
407 968 1415
348 971 1214
267 972 1940
334 974 1899
678 976 1078
217 977 1543
301 978 1223
270 980 1393
263 981 1357
95 982 1525
179 984 1340
661 985 1184
729 986 1355
693 990 1774
474 992 1658
836 994 1945
367 995 1413
104 997 1232
118 998 1295
213 999 1650
748 1000 1103
316 1001 1789
782 1002 1847
56 1005 1928
9 1007 1375
570 1008 1417
832 1009 1789
825 1010 1931
446 1013 1814
139 1014 1472
580 1015 1214
348 1016 1767
744 1017 1360
96 1019 1498
217 1020 1634
794 1021 1679
603 1022 1857
860 1023 1105
109 1024 1284
887 1025 1642
480 1026 1535
23 1027 1719
941 1029 1591
430 1030 1520
410 1031 1508
309 1033 1211
682 1035 1560
416 1038 1876
524 1041 1675
10 1042 1402
716 1043 1704
523 1044 1728
294 1050 1088
179 1051 1839
705 1052 1873
548 1053 1909
656 1054 1178
435 1056 1109
805 1057 1486
494 1058 1763
835 1059 1730
851 1060 1409
347 1061 1237
82 1063 1482
69 1065 1619
463 1066 1170
568 1067 1534
747 1068 1985
547 1069 1577
718 1072 1763
226 1073 1242
766 1075 1661
175 1077 1588
488 1079 1429
1007 1081 1510
644 1082 1190
106 1083 1124
714 1084 1111
682 1085 1032
631 1086 1703
926 1087 1708
533 1091 1320
751 1093 1838
460 1095 1565
209 1098 1640
140 1099 1889
27 1100 1884
1056 1101 1573
816 1103 1233
171 1106 1773
323 1109 1380
361 1110 1047
907 1111 1605
156 1114 1553
107 1115 1628
768 1117 1615
335 1119 1057
442 1120 1182
5 1124 1590
865 1126 1184
880 1127 1841
24 1129 1700
156 1130 1393
0 1132 1977
180 1136 1252
494 1137 1215
735 1138 1930
951 1142 1866
724 1143 1386
214 1145 1523
996 1146 1368
458 1147 1877
918 1148 1183
294 1151 1353
2 1152 1032
1027 1155 1327
134 1156 1919
286 1157 1050
289 1158 1623
288 1159 1182
249 1160 1386
182 1162 1480
48 1163 1342
729 1164 1210
108 1165 1015
1097 1167 1481
276 1169 1717
770 1170 1157
76 1171 1562
305 1173 1981
1077 1175 1562
244 1176 1901
233 1177 1743
895 1179 1245
459 1181 1032
515 1183 1983
967 1184 1558
447 1188 1556
873 1189 1491
317 1191 1819
197 1195 1943
794 1196 1839
301 1199 1080
1161 1200 1588
736 1201 1997
394 1203 1862
1202 1206 1535
210 1207 1686
731 1208 1533
306 1209 1506
857 1210 1602
1033 1212 1232
267 1214 1069
758 1215 1127
691 1216 1365
638 1217 1698
951 1219 1095
690 1220 1633
563 1224 1022
9 1226 1853
676 1227 1621
895 1228 1376
1114 1229 1755
1217 1232 1623
372 1233 1884
264 1236 1374
724 1237 1816
966 1238 1190
435 1241 1163
474 1242 1477
1022 1244 1144
256 1245 1882
991 1246 1147
1131 1249 1947
990 1252 1249
1242 1255 1309
725 1257 1182
687 1258 1343
1150 1259 1947
757 1261 1244
470 1262 1937
1011 1267 1427
1040 1268 1687
605 1269 1988
566 1271 1075
367 1273 1746
863 1274 1697
94 1275 1575
1149 1277 1342
282 1280 1208
912 1281 1999
805 1283 1255
17 1284 1499
1191 1285 1959
52 1288 1385
544 1289 1351
320 1291 1287
478 1293 1310
968 1294 1849
1013 1298 1991
672 1300 1050
568 1301 1897
1233 1302 1386
1074 1303 1726
907 1304 1189
500 1305 1166
668 1307 1899
1151 1308 1015
1256 1309 1249
363 1310 1595
569 1316 1387
591 1317 1327
957 1318 1340
1104 1320 1659
827 1322 1164
571 1324 1634
545 1326 1780
274 1327 1672
229 1328 1001
540 1330 1379
1151 1332 1043
496 1333 1215
281 1335 1993
853 1336 1634
978 1338 1339
958 1339 1793
165 1340 1788
812 1341 1085
868 1342 1754
69 1344 1150
852 1347 1570
644 1348 1498
652 1350 1685
966 1352 1321
710 1354 1641
643 1357 1648
632 1361 1813
740 1362 1873
499 1365 1118
666 1366 1731
1077 1370 1799
1328 1374 1523
1079 1376 1984
258 1377 1831
357 1381 1277
1268 1385 1635
1098 1389 1913
903 1390 1634
181 1391 1984
64 1393 1386
185 1394 1374
628 1395 1940
279 1397 1903
490 1398 1190
808 1399 1748
1146 1400 1863
548 1402 1998
16 1403 1367
301 1405 1723
1280 1408 1944
1235 1410 1194
1269 1413 1397
1372 1415 1260
942 1419 1182
69 1420 1185
291 1421 1013
1311 1424 1908
573 1428 1024
896 1429 1573
1384 1430 1907
1112 1431 1721
798 1432 1097
1194 1433 1759
1312 1434 1535
4 1435 1401
930 1442 1605
1096 1445 1285
1147 1449 1722
628 1450 1247
570 1452 1003
987 1453 1958
949 1454 1503
1108 1456 1976
395 1462 1066
535 1463 1706
998 1464 1124
1361 1465 1831
427 1467 1501
161 1468 1844
205 1470 1400
1027 1471 1702
565 1472 1777
876 1473 1809
1237 1475 1652
1384 1476 1863
1441 1477 1428
533 1478 1009
1240 1481 1268
1467 1483 1084
400 1485 1213
1420 1486 1771
194 1487 1077
1448 1488 1196
137 1490 1384
1110 1495 1986
233 1496 1870
432 1497 1151
217 1500 1113
123 1501 1356
148 1502 1769
610 1503 1958
594 1505 1197
262 1510 1166
458 1512 1440
183 1513 1278
699 1514 1430
820 1515 1003
1154 1516 1010
246 1517 1083
899 1518 1502
1235 1520 1708
126 1521 1621
1065 1524 1415
1284 1526 1864
767 1527 1655
1522 1528 1323
725 1529 1906
211 1530 1051
63 1536 1299
1317 1538 1063
993 1539 1729
141 1540 1544
1415 1541 1431
1358 1542 1687
1181 1544 1729
940 1545 1073
520 1546 1032
70 1553 1769
1340 1554 1706
639 1556 1530
597 1557 1433
1059 1558 1575
560 1559 1926
752 1561 1914
836 1564 1546
1325 1565 1229
569 1566 1169
1478 1571 1888
87 1572 1715
476 1573 1647
979 1574 1808
642 1575 1415
379 1578 1807
581 1579 1158
1510 1580 1988
1124 1582 1292
1094 1587 1588
50 1589 1193
497 1591 1854
1509 1597 1732
1021 1599 1039
512 1602 1446
1071 1603 1858
708 1604 1801
1007 1606 1234
714 1608 1568
406 1610 1838
502 1613 1564
1539 1615 1752
25 1618 1383
470 1621 1281
754 1622 1401
943 1626 1693
1092 1627 1557
717 1634 1694
375 1635 1800
491 1636 1288
725 1639 1653
1292 1642 1264
1424 1645 1135
740 1646 1937
158 1648 1252
1622 1655 1045
1473 1656 1683
104 1661 1461
1042 1663 1082
1406 1664 1829
647 1669 1542
830 1670 1359
1555 1671 1311
51 1672 1554
265 1678 1951
439 1679 1583
1025 1684 1360
1053 1689 1295
1570 1690 1567
112 1701 1548
1481 1703 1081
87 1711 1411
1652 1712 1168
181 1714 1715
1460 1716 1657
244 1718 1365
326 1722 1854
1056 1723 1919
88 1725 1451
938 1726 1959
1593 1727 1727
273 1729 1944
35 1732 1297
15 1734 1356
987 1737 1500
233 1738 1367
1274 1739 1793
159 1741 1939
47 1746 1312
197 1748 1357
1424 1749 1274
79 1751 1068
639 1756 1981
799 1758 1385
531 1760 1677
737 1761 1711
487 1762 1708
174 1764 1624
1143 1765 1974
693 1766 1826
1731 1769 1243
1652 1772 1541
528 1776 1025
162 1777 1577
759 1783 1590
1709 1785 1632
612 1787 1527
465 1788 1085
492 1790 1376
339 1791 1552
667 1793 1097
787 1795 1264
1413 1798 1680
540 1799 1147
1437 1800 1857
1308 1801 1437
1164 1804 1479
1567 1807 1930
469 1808 1181
1648 1814 1890
1001 1816 1638
1310 1819 1688
743 1821 1197
1657 1823 1918
41 1825 1978
21 1826 1665
139 1828 1602
1227 1833 1861
1222 1835 1170
1560 1836 1261
1779 1837 1215
505 1838 1833
416 1840 1028
961 1842 1092
1250 1844 1761
1467 1849 1968
629 1850 1613
724 1852 1185
676 1855 1920
81 1856 1323
1601 1857 1208
1445 1858 1944
1332 1860 1726
1669 1863 1314
1125 1864 1851
859 1865 1481
881 1868 1308
1791 1869 1674
1537 1870 1647
1511 1871 1797
419 1875 1673
1667 1877 1393
1187 1880 1886
1306 1881 1126
1282 1882 1588
1740 1883 1950
545 1885 1573
164 1888 1784
378 1890 1335
1816 1892 1667
1755 1894 1921
1313 1897 1788
1267 1898 1572
845 1901 1628
175 1902 1596
10 1904 1377
1144 1907 1649
31 1910 1248
1165 1912 1830
1685 1916 1683
1287 1917 1429
1706 1922 1324
1760 1926 1645
1333 1932 1526
975 1933 1458
943 1934 1844
1198 1935 1760
315 1936 1322
135 1940 1987
1593 1941 1612
1338 1944 1781
1160 1945 1718
531 1946 1293
800 1953 1960
1854 1954 1640
474 1957 1358
1683 1958 1703
1298 1965 1978
217 1969 1709
1053 1974 1894
846 1975 1187
20 1982 1426
1112 1985 1194
438 1990 1878
729 1992 1973
1799 1993 1157
898 1998 1952
1777 1999 1254
1964 2002 1992
814 2006 1720
1533 2008 1673
1921 2011 1425
62 2013 1838
1178 2014 1571
1300 2017 1609
940 2018 1595
707 2025 1471
1525 2032 1464
870 2036 1766
162 2047 1645
1109 2053 1045
454 2054 1970
1405 2056 1889
1666 2059 1269
986 2061 1056
1872 2062 1249
1620 2064 1100
178 2066 1720
470 2070 1830
1263 2074 1395
277 2077 1139
279 2081 1946
1270 2083 1632
1400 2087 1130
2040 2088 1829
1339 2089 1962
1488 2092 1945
1058 2094 1201
1271 2095 1403
730 2097 1017
1620 2098 1655
1770 2100 1624
337 2101 1965
1842 2103 1713
1436 2104 1322
1282 2105 1102
201 2107 1121
794 2110 1359
1974 2116 1722
1096 2122 1700
115 2131 1365
1718 2134 1338
1210 2140 1708
1502 2141 1726
816 2144 1098
203 2146 1724
1202 2149 1163
2102 2153 1042
1295 2156 1265
2036 2158 1262
853 2161 1416
1386 2162 1352
352 2163 1127
1598 2165 1853
720 2170 1011
1361 2173 1554
2050 2174 1738
1396 2176 1825
1557 2178 1673
1749 2185 1675
1374 2191 1418
1315 2192 1370
182 2193 1478
442 2195 1866
1958 2202 1667
568 2203 1259
1609 2205 1098
448 2206 1853
908 2207 1944
129 2208 1785
57 2209 1894
76 2215 1552
2031 2217 1639
435 2229 1427
1290 2234 1085
881 2239 1621
516 2240 1569
2019 2252 1057
1882 2254 1805
911 2256 1555
2025 2259 1312
526 2260 1310
1662 2263 1701
200 2267 1562
392 2270 1824
373 2272 1487
693 2278 1055
483 2280 1090
777 2284 1392
10 2289 1867
672 2291 1684
590 2299 1833
460 2310 1128
1116 2313 1899
2099 2320 1420
1930 2321 1596
1907 2324 1363
1712 2327 1513
1501 2330 1093
1779 2331 1978
769 2336 1636
1260 2342 1586
655 2351 1585
273 2353 1885
1118 2357 1554
2056 2359 1614
1591 2366 1723
533 2367 1538
1999 2368 1317
159 2370 1700
449 2371 1183
969 2374 1710
330 2381 1416
876 2403 1248
820 2405 1727
387 2406 1248
631 2414 1503
307 2415 1775
257 2422 1114
781 2423 1660
506 2429 1056
742 2430 1927
2107 2432 1732
2060 2434 1500
2238 2435 1475
895 2438 1265
1665 2441 1154
2215 2449 1246
635 2453 1476
2382 2455 1641
686 2457 1533
1058 2473 1778
509 2477 1125
575 2487 1482
2024 2497 1836
811 2498 1395
2491 2499 1350
868 2503 1739
1566 2504 1180
1045 2509 1475
1239 2510 1487
1490 2511 1374
717 2514 1433
237 2515 1089
1070 2517 1842
2474 2519 1966
389 2525 1083
526 2526 1828
832 2527 1107
1260 2528 1766
722 2532 1556
398 2534 1126
1620 2537 1801
2046 2543 1206
1310 2544 1006
500 2546 1515
2138 2549 1068
899 2550 1511
654 2555 1976
1994 2556 1161
955 2558 1342
2187 2562 1387
2007 2566 1375
1700 2568 1728
1683 2572 1020
364 2581 1416
532 2582 1094
2443 2594 1417
150 2614 1020
2452 2617 1683
1590 2623 1808
2557 2624 1745
975 2625 1351
2324 2630 1959
2193 2632 1170
2398 2658 1796
1186 2660 1997
670 2666 1101
2058 2667 1100
1347 2684 1387
1196 2686 1957
827 2696 1899
715 2708 1126
2583 2714 1625
1470 2720 1916
2577 2725 1728
679 2729 1493
748 2735 1559
1565 2739 1219
2619 2743 1427
1723 2747 1333
1464 2756 1341
230 2764 1731
1462 2769 1176
1848 2770 1726
1073 2774 1818
1518 2775 1873
529 2776 1292
1014 2787 1912
1081 2804 1888
155 2822 1812
8 2849 1110
1018 2852 1456
128 2866 1075
2401 2869 1164
2177 2885 1910
262 2905 1539
521 2912 1352
2473 2914 1995
71 2920 1728
1972 2921 1120
1305 2947 1488
14 2951 1477
1120 2959 1007
2551 2972 1808
1095 2977 1212
489 3007 1745
111 3027 1084
154 3034 1359
1034 3049 1352
1465 3057 1023
1267 3068 1678
1811 3084 1154
2767 3113 1898
38 3154 1905
2927 3157 1144
