0 263 1415
1 34 1273
2 238 1580
3 326 1050
4 337 1217
5 226 1696
6 83 1568
7 341 1996
8 224 1164
9 399 1610
10 370 1394
11 178 1398
12 288 1888
13 63 1353
14 91 1822
15 323 1428
16 293 1688
17 265 1247
18 206 1397
19 359 1159
20 368 1543
21 49 1234
22 377 1223
23 310 1344
24 119 1924
25 105 1256
26 48 1952
27 29 1516
28 77 1935
29 300 1498
30 367 1405
31 223 1639
32 224 1435
33 71 1698
34 170 1918
35 237 1131
36 107 1732
37 70 1958
38 263 1523
39 245 1920
40 377 1152
41 275 1789
42 157 1737
43 66 1227
44 193 1672
45 103 1646
46 213 1116
47 363 1585
48 76 1181
49 383 1598
50 239 1828
51 93 1922
52 321 1501
53 327 1856
54 73 1946
55 188 1528
56 69 1045
57 306 1340
58 90 1977
59 281 1679
60 64 1686
61 395 1570
62 126 1087
63 200 1084
64 364 1617
65 245 1550
66 125 1155
67 192 1168
68 153 1903
69 216 1208
70 137 1878
71 255 1224
72 231 1575
73 283 1073
74 208 1798
75 287 1060
76 189 1376
77 355 1583
78 166 1150
79 307 1750
80 306 1380
81 303 1084
82 185 1387
83 393 1664
84 178 1682
85 333 1045
86 111 1988
87 172 1850
88 339 1210
89 267 1680
90 350 1041
91 166 1858
92 122 1718
93 330 1502
94 388 1862
95 299 1305
96 362 1347
97 341 1146
98 270 1992
99 343 1196
100 146 1829
101 156 1127
102 313 1950
103 168 1416
104 195 1750
105 106 1149
106 207 1993
107 212 1861
108 340 1806
109 221 1668
110 143 1731
111 223 1068
112 264 1836
113 171 1958
114 129 1699
115 373 1040
116 345 1763
117 280 1185
118 223 1456
119 227 1344
120 381 1357
121 172 1723
122 310 1689
123 252 1203
124 258 1540
125 252 1332
126 245 1467
127 283 1595
128 255 1700
129 335 1064
130 354 1145
131 332 1591
132 356 1273
133 281 1451
134 278 1927
135 246 1550
136 339 1500
137 263 1677
138 321 1845
139 279 1080
140 143 1637
141 179 1620
142 322 1779
143 309 1887
144 390 1696
145 222 1416
146 310 1695
147 372 1352
148 399 1081
149 312 1009
150 319 1100
151 288 1441
152 349 1079
153 196 1538
154 161 1357
155 181 1802
156 316 1091
157 392 1251
158 382 1119
159 227 1238
160 335 1856
161 386 1296
162 373 1420
163 376 1065
164 394 1162
165 196 1116
166 251 1957
167 213 1816
168 216 1361
169 238 1835
170 281 1901
171 179 1238
172 366 1069
173 315 1337
174 261 1634
175 372 1731
176 364 1536
177 277 1101
178 400 1101
179 256 1484
180 327 1585
181 188 1210
182 373 1958
183 340 1352
184 252 1053
185 386 1906
186 354 1994
187 243 1327
188 342 1198
189 245 1931
190 199 1863
191 356 1355
192 296 1318
193 387 1660
194 260 1604
195 260 1200
196 360 1298
197 349 1046
198 351 1212
199 305 1493
200 277 1992
201 260 1396
202 260 1937
203 218 1121
204 218 1979
205 258 1965
206 383 1490
207 337 1793
208 368 1524
209 296 1671
210 227 1714
211 305 1701
212 265 1153
213 220 1358
214 328 1388
215 332 1348
216 267 1166
217 247 1012
218 384 1543
219 394 1178
220 398 1024
221 392 1987
222 284 1556
223 352 1386
224 282 1289
225 284 1034
226 346 1950
227 256 1746
228 324 1455
229 360 1334
230 302 1707
231 373 1378
232 324 1303
233 299 1985
234 376 1947
235 354 1980
236 392 1714
237 274 1895
238 321 1247
239 365 1405
240 268 1842
241 277 1779
242 377 1970
243 291 1690
244 298 1453
245 269 1478
246 298 1027
247 353 1844
248 270 1105
249 382 1304
250 379 1121
251 384 1284
252 279 1774
253 396 1052
254 308 1909
255 356 1718
256 320 1535
257 279 1184
258 295 1659
259 280 1490
260 333 1608
261 292 1226
262 310 1616
263 341 1862
264 305 1257
265 371 1019
266 368 1469
267 362 1637
268 300 1945
269 273 1536
270 314 1738
271 370 1138
272 343 1283
273 317 1387
274 319 1019
275 338 1869
276 293 1548
277 321 1406
278 365 1822
279 285 1956
280 293 1962
281 352 1144
282 313 1299
283 284 1867
284 384 1854
285 315 1965
286 321 1298
287 382 1812
288 393 1914
289 325 1913
290 309 1416
291 308 1439
292 327 1468
293 321 1797
294 378 1105
295 340 1099
296 305 1975
297 394 1065
298 328 1118
299 393 1461
300 313 1872
301 312 1486
302 398 1803
303 309 1829
304 366 1897
305 319 1898
306 339 1894
307 319 1124
308 380 1653
309 313 1886
310 341 1126
311 317 1369
312 392 1149
313 371 1648
314 386 1602
315 322 1460
316 330 1697
317 393 1532
318 382 1814
319 362 1360
320 354 1263
321 391 1394
322 371 1333
323 390 1058
324 361 1591
325 364 1117
326 378 1653
327 328 1193
328 376 1999
329 346 1768
330 388 1176
331 351 1774
332 362 1578
333 383 1880
334 370 1304
335 350 1934
336 400 1884
337 361 1893
338 347 1297
339 349 1775
340 396 1106
341 365 1489
342 389 1176
343 363 1662
344 397 1864
345 382 1735
346 383 1200
347 385 1836
348 381 1730
349 388 1288
350 386 1203
351 398 1803
352 394 1597
353 378 1706
354 357 1056
355 374 1033
356 361 1064
357 392 1408
358 370 1288
359 363 1795
360 389 1012
361 388 1979
362 386 1500
363 366 1338
364 374 1836
365 372 1068
366 387 1120
367 389 1248
368 390 1437
369 380 1118
370 381 1379
371 381 1939
372 379 1079
373 375 1856
374 389 1468
375 385 1361
376 383 1913
377 383 1641
378 397 1606
379 387 1610
380 397 1904
381 399 1970
382 395 1764
383 386 1457
384 398 1400
385 391 1679
386 388 1789
387 399 1667
388 398 1641
389 390 1725
390 396 1213
391 392 1730
392 398 1899
393 400 1685
394 396 1219
395 400 1351
396 399 1135
397 399 1452
398 400 1801
399 400 1950
0 1 1528
0 2 1724
1 3 1370
3 4 1905
1 5 1313
5 6 1027
6 7 1198
0 8 1188
1 9 1702
1 10 1780
3 11 1372
5 12 1302
2 13 1369
6 14 1953
12 15 1003
3 16 1701
8 17 1583
9 18 1408
13 19 1981
16 20 1389
11 21 1311
6 22 1031
5 23 1701
20 24 1207
20 25 1720
23 26 1216
15 27 1688
14 28 1787
27 30 1013
27 31 1348
16 32 1503
15 33 1160
13 35 1498
14 36 1185
9 37 1657
10 38 1248
30 39 1693
31 40 1870
23 41 1547
6 42 1343
21 43 1680
30 44 1052
3 45 1217
43 46 1683
19 47 1523
16 50 1804
6 51 1259
7 52 1042
29 53 1236
17 54 1365
43 55 1843
15 56 1800
55 57 1728
7 58 1636
46 59 1019
29 60 1936
28 61 1409
6 62 1275
45 65 1690
35 67 1168
15 68 1223
9 72 1573
51 74 1245
35 75 1896
7 78 1361
64 79 1093
22 80 1839
34 81 1072
13 82 1083
10 84 1956
18 85 1507
15 86 1255
75 87 1775
87 88 1722
48 89 1518
48 92 1680
25 94 1862
18 95 1482
55 96 1440
75 97 1268
35 98 1749
71 99 1360
77 100 1001
91 101 1093
35 102 1619
24 104 1459
21 108 1581
80 109 1078
37 110 1943
46 112 1341
76 113 1074
10 114 1358
110 115 1180
66 116 1111
20 117 1503
71 118 1859
12 120 1613
106 121 1744
87 123 1829
73 124 1553
105 127 1955
76 128 1549
43 130 1951
58 131 1163
95 132 1796
126 133 1991
28 134 1587
96 135 1558
89 136 1163
118 138 1266
71 139 1823
58 140 1298
69 141 1493
92 142 1602
111 144 1967
48 145 1674
47 147 1455
93 148 1485
27 149 1771
52 150 1904
50 151 1539
23 152 1717
0 154 1619
20 155 1884
89 158 1985
35 159 1309
2 160 1541
90 162 1252
35 163 1320
162 164 1705
7 165 1258
133 167 1627
147 169 1100
48 173 1200
103 174 1070
130 175 1827
134 176 1983
80 177 1259
105 180 1591
15 182 1100
96 183 1738
107 184 1317
54 186 1891
25 187 1757
171 190 1394
137 191 1906
115 194 1420
70 197 1511
121 198 1605
149 201 1066
100 202 1645
191 203 1087
14 204 1364
111 205 1684
32 209 1867
14 210 1747
152 211 1329
117 214 1389
86 215 1934
165 217 1233
14 219 1616
29 225 1017
56 228 1007
117 229 1005
139 230 1191
35 232 1326
153 233 1250
91 234 1337
161 235 1623
19 236 1965
212 240 1955
86 241 1099
55 242 1698
222 244 1778
68 248 1602
138 249 1772
221 250 1613
30 253 1417
220 254 1945
209 257 1854
69 259 1357
91 262 1961
212 266 1434
72 271 1251
253 272 1787
93 276 1674
16 286 1331
133 289 1186
143 290 1730
270 294 1120
91 297 1779
142 301 1707
242 304 1901
193 311 1415
238 318 1164
284 329 1639
277 331 1731
87 334 1806
171 336 1201
279 344 1531
300 348 1061
89 358 1862
101 369 1782
