0 404 1095
1 616 1130
2 650 1313
3 358 1024
4 449 1728
5 455 1924
6 7 1268
7 174 1007
8 289 1299
9 488 1720
10 349 1438
11 30 1681
12 573 1349
13 181 1455
14 310 1632
15 289 1916
16 108 1579
17 414 1202
18 449 1300
19 475 1845
20 474 1852
21 345 1294
22 580 1288
23 490 1832
24 81 1908
25 57 1833
26 575 1091
27 237 1999
28 521 1613
29 63 1028
30 239 1620
31 463 1943
32 421 1533
33 131 1784
34 755 1344
35 700 1096
36 346 1828
37 612 1395
38 536 1531
39 247 1867
40 767 1460
41 435 1122
42 486 1995
43 569 1708
44 158 1417
45 523 1246
46 273 1225
47 491 1351
48 651 1585
49 267 1777
50 490 1241
51 641 1652
52 509 1267
53 70 1320
54 648 1950
55 526 1556
56 177 1081
57 258 1600
58 237 1873
59 425 1859
60 146 1255
61 669 1970
62 141 1201
63 638 1702
64 298 1275
65 587 1608
66 294 1474
67 555 1676
68 711 1789
69 265 1847
70 524 1024
71 287 1639
72 351 1630
73 722 1894
74 451 1010
75 636 1433
76 209 1282
77 681 1347
78 245 1129
79 773 1761
80 422 1568
81 213 1570
82 534 1304
83 102 1293
84 116 1718
85 463 1607
86 599 1875
87 675 1679
88 98 1647
89 447 1248
90 209 1306
91 735 1619
92 778 1134
93 536 1814
94 272 1452
95 527 1860
96 663 1842
97 318 1354
98 112 1126
99 322 1644
100 354 1298
101 110 1362
102 773 1732
103 388 1018
104 372 1952
105 205 1299
106 129 1108
107 497 1331
108 132 1992
109 316 1670
110 707 1984
111 790 1123
112 224 1583
113 218 1348
114 312 1649
115 236 1851
116 413 1590
117 573 1156
118 532 1294
119 477 1379
120 337 1701
121 201 1506
122 397 1661
123 315 1910
124 296 1178
125 530 1647
126 130 1766
127 207 1570
128 218 1178
129 381 1893
130 379 1709
131 704 1783
132 610 1292
133 463 1177
134 297 1966
135 561 1677
136 788 1451
137 333 1529
138 361 1385
139 453 1928
140 665 1954
141 670 1238
142 560 1421
143 536 1077
144 333 1895
145 556 1057
146 261 1830
147 266 1020
148 273 1546
149 514 1238
150 757 1872
151 595 1245
152 651 1733
153 174 1317
154 697 1123
155 416 1653
156 456 1435
157 668 1014
158 236 1183
159 444 1680
160 558 1674
161 297 1498
162 763 1311
163 555 1726
164 580 1363
165 277 1327
166 306 1272
167 774 1607
168 632 1286
169 393 1858
170 245 1872
171 184 1385
172 369 1985
173 664 1227
174 286 1609
175 735 1623
176 665 1392
177 218 1430
178 435 1357
179 636 1208
180 448 1331
181 216 1366
182 770 1001
183 637 1264
184 520 1156
185 664 1626
186 712 1588
187 412 1503
188 294 1752
189 755 1938
190 277 1918
191 508 1989
192 751 1051
193 289 1793
194 740 1843
195 232 1088
196 418 1894
197 550 1050
198 338 1888
199 333 1378
200 555 1682
201 769 1236
202 756 1490
203 484 1925
204 412 1436
205 395 1607
206 386 1819
207 609 1248
208 478 1689
209 211 1878
210 685 1070
211 332 1377
212 662 1072
213 621 1284
214 599 1432
215 757 1234
216 660 1525
217 782 1369
218 441 1191
219 473 1326
220 366 1778
221 393 1493
222 268 1804
223 251 1378
224 462 1205
225 517 1745
226 724 1154
227 650 1534
228 568 1294
229 484 1954
230 744 1294
231 572 1539
232 570 1711
233 580 1031
234 773 1039
235 669 1829
236 355 1828
237 350 1352
238 541 1444
239 676 1096
240 547 1611
241 377 1159
242 596 1347
243 505 1957
244 741 1315
245 731 1056
246 559 1862
247 744 1979
248 555 1942
249 704 1026
250 484 1693
251 766 1111
252 711 1984
253 712 1996
254 543 1993
255 463 1478
256 359 1559
257 725 1611
258 354 1756
259 583 1032
260 453 1658
261 330 1441
262 709 1443
263 498 1653
264 678 1693
265 453 1804
266 758 1622
267 737 1505
268 520 1985
269 669 1798
270 757 1036
271 653 1921
272 485 1229
273 763 1497
274 529 1641
275 391 1276
276 420 1441
277 769 1585
278 520 1146
279 560 1188
280 740 1743
281 542 1492
282 681 1069
283 359 1333
284 791 1027
285 543 1354
286 367 1220
287 735 1499
288 770 1146
289 306 1750
290 453 1408
291 388 1501
292 533 1476
293 368 1204
294 545 1775
295 501 1334
296 579 1802
297 697 1571
298 356 1464
299 553 1544
300 491 1194
301 379 1147
302 403 1203
303 424 1425
304 629 1816
305 442 1789
306 313 1171
307 736 1543
308 338 1533
309 423 1527
310 388 1189
311 717 1149
312 701 1442
313 448 1807
314 588 1072
315 676 1630
316 497 1947
317 730 1077
318 465 1093
319 699 1550
320 723 1781
321 505 1579
322 640 1023
323 798 1838
324 562 1465
325 370 1430
326 636 1385
327 341 1102
328 798 1001
329 393 1644
330 519 1564
331 719 1971
332 546 1984
333 575 1581
334 435 1120
335 551 1096
336 602 1652
337 676 1187
338 523 1279
339 576 1798
340 460 1669
341 569 1988
342 780 1447
343 799 1526
344 520 1581
345 775 1500
346 483 1758
347 383 1986
348 458 1111
349 541 1206
350 749 1774
351 767 1706
352 536 1209
353 782 1378
354 567 1016
355 724 1443
356 654 1460
357 500 1061
358 434 1106
359 686 1087
360 500 1816
361 405 1126
362 625 1339
363 604 1473
364 720 1291
365 454 1652
366 421 1899
367 582 1319
368 547 1616
369 570 1131
370 444 1590
371 567 1424
372 374 1850
373 627 1310
374 452 1639
375 472 1102
376 621 1096
377 788 1141
378 734 1391
379 584 1791
380 593 1595
381 645 1938
382 596 1817
383 654 1525
384 697 1621
385 411 1780
386 535 1547
387 754 1072
388 679 1009
389 587 1801
390 408 1969
391 448 1871
392 462 1677
393 698 1008
394 736 1867
395 530 1764
396 700 1680
397 510 1245
398 620 1489
399 749 1122
400 572 1484
401 757 1507
402 689 1685
403 653 1414
404 428 1468
405 634 1720
406 659 1012
407 572 1839
408 765 1359
409 741 1804
410 608 1605
411 584 1478
412 419 1835
413 477 1537
414 503 1575
415 708 1294
416 583 1466
417 709 1868
418 786 1975
419 438 1348
420 515 1808
421 429 1410
422 742 1919
423 593 1223
424 591 1482
425 496 1692
426 430 1392
427 668 1593
428 630 1536
429 653 1259
430 571 1544
431 794 1803
432 563 1555
433 688 1907
434 596 1276
435 707 1644
436 516 1927
437 583 1884
438 753 1055
439 442 1963
440 616 1946
441 551 1076
442 665 1624
443 491 1656
444 487 1586
445 707 1781
446 739 1184
447 583 1782
448 713 1699
449 728 1253
450 743 1969
451 589 1100
452 570 1542
453 541 1704
454 561 1911
455 658 1086
456 601 1090
457 687 1024
458 482 1882
459 477 1968
460 546 1095
461 589 1013
462 469 1026
463 720 1987
464 643 1902
465 788 1909
466 733 1585
467 512 1901
468 605 1826
469 614 1764
470 774 1236
471 611 1550
472 645 1080
473 571 1012
474 487 1298
475 640 1333
476 607 1122
477 678 1110
478 484 1003
479 712 1678
480 511 1632
481 566 1311
482 610 1945
483 500 1518
484 727 1293
485 639 1964
486 582 1322
487 747 1981
488 682 1679
489 663 1381
490 688 1451
491 628 1058
492 653 1727
493 795 1621
494 667 1102
495 681 1146
496 757 1493
497 498 1975
498 717 1748
499 537 1618
500 734 1636
501 503 1402
502 628 1891
503 681 1855
504 594 1259
505 728 1702
506 632 1170
507 637 1197
508 561 1098
509 587 1605
510 646 1423
511 632 1125
512 604 1785
513 636 1170
514 629 1151
515 609 1732
516 683 1140
517 530 1348
518 653 1614
519 774 1058
520 676 1680
521 665 1380
522 740 1986
523 637 1088
524 766 1135
525 567 1314
526 577 1660
527 781 1769
528 550 1864
529 793 1659
530 541 1206
531 598 1377
532 563 1647
533 541 1734
534 549 1877
535 544 1632
536 677 1515
537 591 1585
538 683 1312
539 628 1920
540 591 1890
541 621 1904
542 747 1678
543 653 1578
544 625 1094
545 639 1286
546 633 1932
547 587 1141
548 798 1931
549 763 1538
550 717 1172
551 704 1271
552 603 1958
553 597 1003
554 582 1271
555 563 1577
556 734 1391
557 704 1820
558 612 1052
559 731 1670
560 605 1951
561 683 1576
562 571 1957
563 580 1412
564 607 1074
565 568 1166
566 777 1984
567 711 1289
568 695 1454
569 696 1685
570 637 1900
571 770 1390
572 643 1914
573 613 1041
574 655 1871
575 714 1743
576 620 1199
577 583 1524
578 654 1086
579 701 1721
580 693 1738
581 621 1949
582 766 1525
583 797 1042
584 604 1879
585 611 1884
586 605 1594
587 649 1604
588 619 1231
589 719 1059
590 791 1510
591 610 1922
592 704 1314
593 758 1350
594 770 1787
595 630 1305
596 773 1845
597 698 1531
598 613 1734
599 613 1128
600 762 1381
601 778 1995
602 638 1982
603 673 1136
604 644 1250
605 759 1830
606 659 1963
607 720 1955
608 741 1476
609 715 1202
610 637 1551
611 687 1592
612 625 1449
613 657 1845
614 665 1480
615 680 1669
616 659 1428
617 650 1606
618 634 1747
619 644 1467
620 716 1559
621 724 1935
622 760 1658
623 630 1510
624 632 1146
625 794 1413
626 742 1343
627 665 1130
628 646 1776
629 713 1022
630 635 1670
631 740 1150
632 677 1921
633 702 1937
634 791 1174
635 709 1844
636 741 1490
637 730 1177
638 675 1032
639 666 1182
640 686 1446
641 792 1058
642 652 1342
643 674 1442
644 652 1696
645 695 1434
646 797 1749
647 793 1575
648 799 1990
649 746 1865
650 724 1995
651 772 1766
652 757 1327
653 778 1448
654 779 1808
655 678 1081
656 730 1373
657 792 1069
658 782 1593
659 796 1214
660 732 1420
661 729 1021
662 785 1976
663 729 1116
664 715 1848
665 747 1336
666 742 1901
667 674 1204
668 702 1018
669 711 1753
670 709 1623
671 786 1641
672 684 1684
673 761 1355
674 733 1355
675 699 1864
676 709 1919
677 798 1156
678 749 1444
679 686 1016
680 798 1340
681 765 1189
682 771 1064
683 692 1995
684 768 1456
685 726 1127
686 688 1241
687 761 1963
688 701 1381
689 800 1471
690 717 1081
691 739 1693
692 732 1231
693 795 1330
694 793 1300
695 779 1704
696 757 1652
697 762 1537
698 738 1673
699 792 1247
700 725 1259
701 718 1014
702 797 1001
703 719 1322
704 719 1053
705 783 1133
706 735 1134
707 747 1768
708 723 1231
709 759 1251
710 781 1877
711 772 1272
712 760 1549
713 769 1978
714 776 1828
715 775 1459
716 719 1410
717 743 1473
718 783 1806
719 743 1106
720 773 1824
721 778 1461
722 754 1562
723 782 1719
724 798 1686
725 781 1960
726 787 1422
727 751 1592
728 777 1810
729 788 1176
730 774 1781
731 761 1898
732 766 1965
733 769 1374
734 764 1101
735 756 1075
736 775 1440
737 790 1958
738 793 1932
739 765 1873
740 746 1553
741 745 1971
742 762 1501
743 799 1232
744 752 1421
745 769 1685
746 758 1674
747 782 1810
748 755 1253
749 788 1028
750 773 1152
751 767 1510
752 794 1443
753 774 1443
754 785 1952
755 773 1155
756 789 1188
757 800 1248
758 790 1866
759 772 1691
760 770 1749
761 783 1536
762 787 1537
763 788 1179
764 777 1495
765 768 1261
766 776 1955
767 795 1903
768 784 1108
769 773 1681
770 774 1056
771 778 1848
772 775 1561
773 798 1162
774 800 1144
775 787 1623
776 787 1684
777 785 1558
778 800 1383
779 788 1561
780 799 1774
781 794 1062
782 798 1155
783 792 1562
784 791 1808
785 792 1788
786 789 1425
787 790 1204
788 799 1871
789 800 1758
790 793 1397
791 796 1207
792 794 1770
793 797 1084
794 795 1194
795 797 1349
796 800 1324
797 800 1435
798 799 1595
799 800 1708
0 1 1709
0 2 1638
2 3 1144
0 4 1149
2 5 1804
5 6 1788
6 8 1848
3 9 1995
2 10 1351
9 11 1427
4 12 1116
6 13 1920
10 14 1889
2 15 1301
4 16 1079
4 17 1326
0 18 1608
11 19 1878
7 20 1640
18 21 1409
0 22 1634
0 23 1404
6 24 1199
13 25 1449
17 26 1417
18 27 1806
15 28 1941
26 29 1757
30 31 1719
31 32 1206
8 33 1016
18 34 1664
17 35 1226
35 36 1798
6 37 1924
20 38 1662
31 39 1744
8 40 1470
24 41 1922
10 42 1728
26 43 1996
4 44 1828
16 45 1876
31 46 1027
29 47 1007
45 48 1745
1 49 1246
16 50 1517
29 51 1623
19 52 1955
18 53 1631
23 54 1448
11 55 1098
40 56 1117
25 58 1101
29 59 1036
26 60 1027
37 61 1111
32 62 1516
23 64 1441
24 65 1804
65 66 1780
32 67 1687
12 68 1193
43 69 1074
7 71 1983
28 72 1221
26 73 1218
32 74 1100
3 75 1804
72 76 1941
56 77 1642
18 78 1940
5 79 1605
73 80 1745
7 82 1345
42 83 1427
27 84 1914
24 85 1550
30 86 1058
35 87 1144
82 88 1023
10 89 1442
1 90 1417
50 91 1810
74 92 1329
76 93 1517
64 94 1205
75 95 1041
66 96 1305
58 97 1480
92 99 1551
74 100 1592
12 101 1591
35 103 1456
10 104 1281
87 105 1445
98 106 1207
40 107 1515
96 109 1168
100 111 1231
67 113 1591
15 114 1649
104 115 1002
81 117 1919
63 118 1022
61 119 1436
111 120 1936
30 121 1031
6 122 1158
58 123 1448
2 124 1756
66 125 1429
41 126 1147
108 127 1123
12 128 1524
62 133 1048
30 134 1522
96 135 1925
111 136 1221
62 137 1617
62 138 1882
128 139 1873
13 140 1088
54 142 1676
141 143 1245
32 144 1962
133 145 1175
102 147 1812
98 148 1375
10 149 1830
37 150 1560
66 151 1081
149 152 1718
69 153 1366
67 154 1449
139 155 1469
7 156 1328
82 157 1195
111 159 1658
64 160 1786
132 161 1623
159 162 1106
31 163 1141
135 164 1269
148 165 1432
110 166 1969
108 167 1385
119 168 1358
28 169 1583
153 170 1423
65 171 1698
76 172 1461
107 173 1635
14 175 1639
79 176 1834
172 178 1126
20 179 1568
85 180 1429
42 182 1451
106 183 1581
162 185 1256
83 186 1934
186 187 1586
141 188 1090
29 189 1176
64 190 1028
37 191 1269
133 192 1966
122 193 1105
70 194 1280
160 195 1277
92 196 1844
72 197 1468
163 198 1701
72 199 1109
174 200 1992
74 202 1636
114 203 1251
88 204 1760
164 206 1379
98 208 1871
93 210 1218
121 212 1446
137 214 1836
6 215 1405
139 217 1906
99 219 1527
70 220 1992
119 221 1279
112 222 1657
106 223 1046
132 225 1610
179 226 1905
105 227 1228
149 228 1662
101 229 1651
6 230 1823
139 231 1675
196 233 1624
190 234 1915
187 235 1483
136 238 1969
44 240 1579
38 241 1621
57 242 1117
236 243 1866
52 244 1930
47 246 1487
211 248 1225
7 249 1139
11 250 1849
209 252 1351
45 253 1788
210 254 1981
107 255 1088
24 256 1734
226 257 1743
66 259 1402
203 260 1878
182 262 1592
119 263 1458
93 264 1038
13 269 1846
22 270 1682
96 271 1409
36 274 1006
260 275 1589
262 276 1602
82 278 1162
112 279 1780
142 280 1105
219 281 1810
120 282 1141
233 283 1568
90 284 1067
63 285 1365
117 288 1418
181 290 1104
82 291 1837
0 292 1192
211 293 1806
243 295 1897
95 299 1909
289 300 1122
37 301 1718
21 302 1170
270 303 1080
62 304 1419
291 305 1137
64 307 1320
185 308 1271
298 309 1080
118 311 1753
53 314 1668
35 317 1492
252 319 1197
90 320 1602
213 321 1878
279 323 1269
14 324 1105
46 325 1746
36 326 1205
249 327 1672
125 328 1493
245 329 1863
243 331 1540
272 334 1541
227 335 1877
295 336 1419
81 339 1063
302 340 1983
98 342 1188
165 343 1891
111 344 1275
64 347 1370
93 348 1068
124 352 1475
303 353 1905
36 357 1510
190 360 1476
79 362 1907
102 363 1850
358 364 1258
231 365 1079
355 371 1964
223 373 1540
130 375 1497
260 376 1531
367 378 1163
193 380 1555
228 382 1288
126 384 1310
132 385 1021
68 387 1896
274 389 1445
277 390 1355
154 392 1665
386 394 1389
272 396 1569
89 398 1027
338 399 1945
79 400 1535
265 401 1071
328 402 1308
230 406 1976
190 407 1298
146 409 1634
396 410 1333
407 415 1020
346 417 1408
48 426 1234
423 427 1063
100 431 1197
110 432 1874
162 433 1079
194 436 1957
371 437 1484
23 439 1828
261 440 1924
428 443 1140
323 445 1860
13 446 1149
316 450 1157
69 457 1467
35 459 1852
54 461 1884
120 464 1464
370 466 1348
202 467 1763
52 468 1916
134 470 1407
324 471 1825
325 476 1898
24 479 1200
43 480 1084
105 481 1103
421 489 1125
455 492 1367
16 493 1012
89 494 1925
124 495 1434
125 499 1768
383 502 1204
201 504 1253
304 506 1399
134 507 1023
214 513 1982
72 518 1642
368 522 1943
381 525 1854
337 528 1925
157 531 1448
505 538 1886
371 539 1380
308 540 1419
148 548 1359
48 552 1008
103 554 1041
429 557 1658
273 564 1128
377 565 1637
182 574 1623
382 578 1776
229 581 1757
487 585 1072
478 586 1690
419 590 1336
574 592 1837
246 600 1762
132 606 1920
22 615 1696
363 617 1077
424 618 1803
191 622 1498
18 623 1485
68 624 1055
594 626 1618
459 631 1896
238 642 1976
231 647 1126
366 656 1183
379 661 1361
303 671 1651
466 672 1480
75 690 1863
528 691 1696
347 694 1316
280 703 1234
591 705 1096
356 706 1559
220 710 1073
196 721 1239
148 748 1824
746 750 1799
